[0.4514319598674774, 0.907841145992279, array([0.42631733, 0.4376554 , 0.4382828 , 0.43864682, 0.43884566,
       0.43921065, 0.43937674, 0.43947646, 0.43947646, 0.43957624,
       0.4396428 , 0.43967605, 0.4397759 , 0.43984252, 0.43984252,
       0.4398758 , 0.4400091 , 0.4400424 , 0.4401091 , 0.4401758 ,
       0.44024253, 0.44027588, 0.44034263, 0.4404428 , 0.4404428 ,
       0.44047618, 0.440543  , 0.4405764 , 0.44071013, 0.44081044,
       0.44086838, 0.5888293 , 0.5922042 , 0.59632635, 0.6003229 ,
       0.604187  , 0.6087527 , 0.612985  , 0.6162894 , 0.6218064 ,
       0.6282574 , 0.63485336, 0.6419624 , 0.6520099 , 0.66017675,
       0.669658  , 0.6766041 , 0.6848515 , 0.69239473, 0.69966954,
       0.705166  , 0.7116604 , 0.7173062 , 0.7224635 , 0.7284918 ,
       0.7333512 , 0.7381177 , 0.7419442 , 0.74652493, 0.75089115,
       0.7554175 , 0.7595446 , 0.76412195, 0.76987034, 0.77373195,
       0.777129  , 0.78067285, 0.7839977 , 0.7878218 , 0.7909342 ,
       0.79378736, 0.7961364 , 0.7986784 , 0.8013557 , 0.80393314,
       0.80581087, 0.80829865, 0.81180865, 0.81437576, 0.81679964,
       0.8200786 , 0.82294035, 0.82604724, 0.82781255, 0.8301684 ,
       0.83228385, 0.8352089 , 0.8368356 , 0.8386797 , 0.8411317 ,
       0.84252334, 0.84405243, 0.8468892 , 0.8498192 , 0.85140246,
       0.8524538 , 0.8553778 , 0.8562589 , 0.85862124, 0.8607918 ,
       0.864059  , 0.86568123, 0.868612  , 0.8716828 , 0.8734793 ,
       0.87611914, 0.8785108 , 0.8809563 , 0.882942  , 0.8848116 ,
       0.8865622 , 0.8884482 , 0.8901954 , 0.89178425, 0.89380825,
       0.89543027, 0.89700717, 0.89953035, 0.90070564, 0.90250885,
       0.90445644, 0.9059858 , 0.90807325, 0.9097553 , 0.9125171 ,
       0.91311026, 0.9140024 , 0.9143004 , 0.9152252 , 0.9161379 ,
       0.9170673 , 0.9179708 , 0.9182444 , 0.9188071 , 0.9202348 ,
       0.920698  , 0.92163986, 0.92253035, 0.9239319 , 0.924548  ,
       0.9251523 , 0.92577106, 0.9260809 , 0.926676  , 0.9276224 ,
       0.9277593 , 0.92823386, 0.9285214 , 0.92914766, 0.92943656,
       0.9302162 , 0.9308464 , 0.9313139 , 0.93179417, 0.9319464 ,
       0.9325803 , 0.9330389 , 0.9336518 , 0.9339355 , 0.93392384,
       0.9345745 , 0.9345397 , 0.93465906, 0.934968  , 0.93542075,
       0.93604136, 0.93703175, 0.9378349 , 0.93813694, 0.9384285 ,
       0.93872064, 0.9390244 , 0.93899155, 0.93930686, 0.9392742 ,
       0.9392414 , 0.9401802 , 0.9405923 , 0.9414105 , 0.9421787 ,
       0.94268095, 0.9435059 , 0.94394904, 0.9445559 , 0.9451554 ,
       0.94563425, 0.94609463, 0.9470686 , 0.9485904 , 0.94920576,
       0.9496669 , 0.95115155, 0.95298505, 0.95466465, 0.95598197,
       0.95729405, 0.9589354 , 0.960728  , 0.96307755, 0.96667975],
      dtype=float32), array([1.        , 1.        , 1.        , 1.        , 1.        ,
       1.        , 1.        , 1.        , 1.        , 1.        ,
       1.        , 1.        , 1.        , 1.        , 1.        ,
       1.        , 1.        , 1.        , 1.        , 1.        ,
       1.        , 1.        , 1.        , 1.        , 1.        ,
       1.        , 1.        , 1.        , 1.        , 1.        ,
       0.99982786, 0.96367705, 0.962472  , 0.961267  , 0.96006197,
       0.95885694, 0.95782405, 0.95730764, 0.9561026 , 0.95524186,
       0.9545533 , 0.9538647 , 0.9528318 , 0.95214325, 0.95145464,
       0.9505939 , 0.94938886, 0.9487003 , 0.94818383, 0.9476674 ,
       0.9469788 , 0.94663453, 0.9461181 , 0.9450852 , 0.94456875,
       0.94405234, 0.94370806, 0.9433637 , 0.94301945, 0.9428473 ,
       0.9421587 , 0.9418144 , 0.94078153, 0.94043726, 0.940093  ,
       0.93940437, 0.9387158 , 0.93785506, 0.9376829 , 0.93716645,
       0.9369943 , 0.9364779 , 0.93630576, 0.93613356, 0.9359614 ,
       0.9357893 , 0.93561715, 0.93492854, 0.93424   , 0.93406785,
       0.9337235 , 0.9337235 , 0.9335514 , 0.9335514 , 0.9332071 ,
       0.9328628 , 0.9326907 , 0.93234634, 0.9316578 , 0.93148565,
       0.9311413 , 0.93079704, 0.9302806 , 0.9302806 , 0.9301084 ,
       0.9299363 , 0.929592  , 0.9290756 , 0.928387  , 0.92821485,
       0.9278706 , 0.92752624, 0.92752624, 0.9273541 , 0.9270098 ,
       0.92649335, 0.9261491 , 0.9261491 , 0.9258048 , 0.92563266,
       0.92563266, 0.9254605 , 0.9252883 , 0.92494404, 0.9244276 ,
       0.9242555 , 0.9235669 , 0.9232226 , 0.92287827, 0.9227061 ,
       0.92236185, 0.92236185, 0.92167324, 0.9215011 , 0.9211568 ,
       0.92081255, 0.9202961 , 0.92012393, 0.9199518 , 0.9196075 ,
       0.9194354 , 0.9189189 , 0.9184025 , 0.91754174, 0.91754174,
       0.9173696 , 0.91719747, 0.9163367 , 0.9158203 , 0.91547596,
       0.91495955, 0.9146153 , 0.91444314, 0.9137545 , 0.91341025,
       0.9130659 , 0.9128938 , 0.91237736, 0.9120331 , 0.9115166 ,
       0.9110002 , 0.91065586, 0.9103116 , 0.91013944, 0.9099673 ,
       0.909623  , 0.90910655, 0.908418  , 0.9077294 , 0.90755725,
       0.9073851 , 0.90686864, 0.9061801 , 0.90583575, 0.9051472 ,
       0.9044586 , 0.90428644, 0.90377   , 0.90325356, 0.902565  ,
       0.9018764 , 0.90136   , 0.9008435 , 0.9004992 , 0.8999828 ,
       0.89946634, 0.8982613 , 0.896712  , 0.89619553, 0.89481837,
       0.8946462 , 0.8941298 , 0.8929248 , 0.8915476 , 0.88999826,
       0.8893097 , 0.8882768 , 0.8870718 , 0.88621104, 0.88466173,
       0.8834567 , 0.88156307, 0.8793252 , 0.87725943, 0.8748494 ,
       0.87209505, 0.86830777, 0.8633155 , 0.8576347 , 0.8490274 ],
      dtype=float32), 0.9390854239463806, array([7817., 7464., 7445., 7434., 7428., 7417., 7412., 7409., 7409.,
       7406., 7404., 7403., 7400., 7398., 7398., 7397., 7393., 7392.,
       7390., 7388., 7386., 7385., 7383., 7380., 7380., 7379., 7377.,
       7376., 7372., 7369., 7366., 3909., 3850., 3780., 3713., 3649.,
       3576., 3511., 3458., 3375., 3281., 3187., 3087., 2952., 2845.,
       2724., 2636., 2536., 2447., 2363., 2300., 2228., 2166., 2109.,
       2045., 1994., 1945., 1906., 1860., 1817., 1772., 1732., 1687.,
       1633., 1597., 1565., 1532., 1501., 1467., 1439., 1414., 1393.,
       1371., 1348., 1326., 1310., 1289., 1259., 1237., 1217., 1190.,
       1167., 1142., 1128., 1109., 1092., 1069., 1056., 1041., 1022.,
       1011.,  999.,  977.,  955.,  943.,  935.,  913.,  906.,  888.,
        872.,  848.,  836.,  815.,  793.,  780.,  761.,  744.,  727.,
        713.,  700.,  688.,  675.,  663.,  652.,  638.,  627.,  616.,
        599.,  591.,  579.,  566.,  556.,  542.,  531.,  513.,  509.,
        503.,  501.,  495.,  489.,  483.,  477.,  475.,  471.,  462.,
        459.,  453.,  447.,  438.,  434.,  430.,  426.,  424.,  420.,
        414.,  413.,  410.,  408.,  404.,  402.,  397.,  393.,  390.,
        387.,  386.,  382.,  379.,  375.,  373.,  373.,  369.,  369.,
        368.,  366.,  363.,  359.,  353.,  348.,  346.,  344.,  342.,
        340.,  340.,  338.,  338.,  338.,  332.,  329.,  324.,  319.,
        316.,  311.,  308.,  304.,  300.,  297.,  294.,  288.,  279.,
        275.,  272.,  263.,  252.,  242.,  234.,  226.,  216.,  205.,
        191.,  170.], dtype=float32), array([ 122.,  475.,  494.,  505.,  511.,  522.,  527.,  530.,  530.,
        533.,  535.,  536.,  539.,  541.,  541.,  542.,  546.,  547.,
        549.,  551.,  553.,  554.,  556.,  559.,  559.,  560.,  562.,
        563.,  567.,  570.,  573., 4030., 4089., 4159., 4226., 4290.,
       4363., 4428., 4481., 4564., 4658., 4752., 4852., 4987., 5094.,
       5215., 5303., 5403., 5492., 5576., 5639., 5711., 5773., 5830.,
       5894., 5945., 5994., 6033., 6079., 6122., 6167., 6207., 6252.,
       6306., 6342., 6374., 6407., 6438., 6472., 6500., 6525., 6546.,
       6568., 6591., 6613., 6629., 6650., 6680., 6702., 6722., 6749.,
       6772., 6797., 6811., 6830., 6847., 6870., 6883., 6898., 6917.,
       6928., 6940., 6962., 6984., 6996., 7004., 7026., 7033., 7051.,
       7067., 7091., 7103., 7124., 7146., 7159., 7178., 7195., 7212.,
       7226., 7239., 7251., 7264., 7276., 7287., 7301., 7312., 7323.,
       7340., 7348., 7360., 7373., 7383., 7397., 7408., 7426., 7430.,
       7436., 7438., 7444., 7450., 7456., 7462., 7464., 7468., 7477.,
       7480., 7486., 7492., 7501., 7505., 7509., 7513., 7515., 7519.,
       7525., 7526., 7529., 7531., 7535., 7537., 7542., 7546., 7549.,
       7552., 7553., 7557., 7560., 7564., 7566., 7566., 7570., 7570.,
       7571., 7573., 7576., 7580., 7586., 7591., 7593., 7595., 7597.,
       7599., 7599., 7601., 7601., 7601., 7607., 7610., 7615., 7620.,
       7623., 7628., 7631., 7635., 7639., 7642., 7645., 7651., 7660.,
       7664., 7667., 7676., 7687., 7697., 7705., 7713., 7723., 7734.,
       7748., 7769.], dtype=float32), 0.9514813423156738]