[0.05424639210104942, 0.9881437420845032, array([0.43331343, 0.9167326 , 0.92846835, 0.9366494 , 0.9435194 ,
       0.947377  , 0.9501645 , 0.95314306, 0.954876  , 0.9561113 ,
       0.9570552 , 0.9584786 , 0.9597539 , 0.96103245, 0.96183336,
       0.962475  , 0.96327823, 0.9639158 , 0.9643932 , 0.96503264,
       0.96583486, 0.96631473, 0.96696293, 0.967612  , 0.967612  ,
       0.9677744 , 0.9684246 , 0.9689128 , 0.96939635, 0.9695594 ,
       0.97020704, 0.97020704, 0.97020704, 0.9708607 , 0.97151524,
       0.97151524, 0.972166  , 0.9726582 , 0.97298664, 0.9733153 ,
       0.9733153 , 0.9738043 , 0.9738043 , 0.9737999 , 0.9741292 ,
       0.9741292 , 0.97429395, 0.97429395, 0.97445875, 0.97461927,
       0.97478426, 0.9751143 , 0.9756015 , 0.97626317, 0.9764287 ,
       0.9764287 , 0.97659034, 0.97659034, 0.97659034, 0.97675604,
       0.9769218 , 0.9769218 , 0.9775777 , 0.97774   , 0.97774   ,
       0.97773623, 0.97773623, 0.9777324 , 0.97789866, 0.97806495,
       0.9782313 , 0.97839767, 0.9787306 , 0.9787306 , 0.9788972 ,
       0.9788972 , 0.9792305 , 0.97939724, 0.9797309 , 0.9798978 ,
       0.98023176, 0.98039883, 0.98039883, 0.98056597, 0.98073316,
       0.98073316, 0.9812351 , 0.9812351 , 0.98156995, 0.9817344 ,
       0.9822313 , 0.9822313 , 0.9823962 , 0.9823962 , 0.9825611 ,
       0.9828914 , 0.98288846, 0.98288846, 0.98305666, 0.9832249 ,
       0.9832249 , 0.9832249 , 0.9832249 , 0.9832249 , 0.98322207,
       0.98322207, 0.98355883, 0.98372173, 0.9838903 , 0.9838903 ,
       0.9838903 , 0.9838903 , 0.9838903 , 0.98422223, 0.98422223,
       0.98455995, 0.98455995, 0.9848979 , 0.98505414, 0.98505414,
       0.98522335, 0.9853902 , 0.9853902 , 0.9855596 , 0.9855546 ,
       0.98589367, 0.98589367, 0.98589367, 0.98589367, 0.9860633 ,
       0.9860609 , 0.9860609 , 0.9860609 , 0.98605853, 0.9860513 ,
       0.9860513 , 0.98622113, 0.98621875, 0.98638636, 0.98655635,
       0.9867173 , 0.9870556 , 0.98722374, 0.98722374, 0.98739207,
       0.98739207, 0.98738986, 0.98756045, 0.987729  , 0.98772687,
       0.98806846, 0.98806643, 0.98806643, 0.98806024, 0.9882251 ,
       0.9883902 , 0.9883862 , 0.9885576 , 0.9888985 , 0.9888947 ,
       0.98889273, 0.9890587 , 0.98922676, 0.989223  , 0.9895652 ,
       0.9895634 , 0.9895634 , 0.98955977, 0.9899043 , 0.98990077,
       0.98989546, 0.98989016, 0.9898831 , 0.99039304, 0.99056274,
       0.99090433, 0.99107766, 0.9910761 , 0.9912465 , 0.9912434 ,
       0.99140954, 0.9919284 , 0.99209416, 0.9920914 , 0.99226034,
       0.992603  , 0.99277025, 0.9932874 , 0.9934594 , 0.9936306 ,
       0.9936238 , 0.9937921 , 0.9937877 , 0.99378   , 0.99429893,
       0.9944613 , 0.9944504 , 0.9947926 , 0.9953086 , 0.99615735],
      dtype=float32), array([1.        , 0.99690133, 0.99655706, 0.9951799 , 0.99500775,
       0.9948356 , 0.9944913 , 0.9944913 , 0.9944913 , 0.9938027 ,
       0.9936306 , 0.99345845, 0.99345845, 0.99345845, 0.99345845,
       0.99345845, 0.99345845, 0.99328625, 0.9931141 , 0.992942  ,
       0.99276984, 0.9925977 , 0.9925977 , 0.9925977 , 0.9925977 ,
       0.9925977 , 0.9925977 , 0.9925977 , 0.99242556, 0.99242556,
       0.9922534 , 0.9922534 , 0.9922534 , 0.9922534 , 0.9922534 ,
       0.9922534 , 0.9920812 , 0.9920812 , 0.9920812 , 0.9920812 ,
       0.9920812 , 0.9919091 , 0.9919091 , 0.99173695, 0.99173695,
       0.99173695, 0.99173695, 0.99173695, 0.99173695, 0.9915648 ,
       0.9915648 , 0.9915648 , 0.99122053, 0.99122053, 0.99122053,
       0.99122053, 0.9910484 , 0.9910484 , 0.9910484 , 0.9910484 ,
       0.9910484 , 0.9910484 , 0.99070406, 0.9905319 , 0.9905319 ,
       0.9903598 , 0.9903598 , 0.99018764, 0.99018764, 0.99018764,
       0.99018764, 0.99018764, 0.99018764, 0.99018764, 0.99018764,
       0.99018764, 0.99018764, 0.99018764, 0.99018764, 0.99018764,
       0.99018764, 0.99018764, 0.99018764, 0.99018764, 0.99018764,
       0.99018764, 0.99018764, 0.99018764, 0.99018764, 0.9900155 ,
       0.9896712 , 0.9896712 , 0.98949903, 0.98949903, 0.9893269 ,
       0.9889826 , 0.9888105 , 0.9888105 , 0.9888105 , 0.9888105 ,
       0.9888105 , 0.9888105 , 0.9888105 , 0.9888105 , 0.98863834,
       0.98863834, 0.98863834, 0.988294  , 0.988294  , 0.988294  ,
       0.988294  , 0.988294  , 0.988294  , 0.9879497 , 0.9879497 ,
       0.9879497 , 0.9879497 , 0.9879497 , 0.987089  , 0.987089  ,
       0.987089  , 0.98691684, 0.98691684, 0.98691684, 0.98657256,
       0.98657256, 0.98657256, 0.98657256, 0.98657256, 0.98657256,
       0.9864004 , 0.9864004 , 0.9864004 , 0.9862283 , 0.9857118 ,
       0.9857118 , 0.9857118 , 0.9855397 , 0.98536754, 0.98536754,
       0.9846789 , 0.9845068 , 0.98433465, 0.98433465, 0.9841625 ,
       0.9841625 , 0.9839904 , 0.9839904 , 0.98381823, 0.9836461 ,
       0.9836461 , 0.9834739 , 0.9834739 , 0.9829575 , 0.98244107,
       0.9819246 , 0.9815803 , 0.9815803 , 0.9814082 , 0.98106384,
       0.9808917 , 0.9803753 , 0.980031  , 0.9796867 , 0.97951454,
       0.9793424 , 0.9793424 , 0.9789981 , 0.9789981 , 0.9786538 ,
       0.9781374 , 0.97762096, 0.97693235, 0.9760716 , 0.9757273 ,
       0.9752109 , 0.9752109 , 0.9750387 , 0.97469443, 0.97435015,
       0.9734894 , 0.9731451 , 0.97211224, 0.97176796, 0.97107935,
       0.9702186 , 0.96918577, 0.96798074, 0.96746427, 0.9667757 ,
       0.9657428 , 0.9645378 , 0.9638492 , 0.96264416, 0.9607506 ,
       0.9581684 , 0.95627475, 0.95369256, 0.949561  , 0.93716645],
      dtype=float32), 0.9944865107536316, array([7597.,  526.,  446.,  391.,  346.,  321.,  303.,  284.,  273.,
        265.,  259.,  250.,  242.,  234.,  229.,  225.,  220.,  216.,
        213.,  209.,  204.,  201.,  197.,  193.,  193.,  192.,  188.,
        185.,  182.,  181.,  177.,  177.,  177.,  173.,  169.,  169.,
        165.,  162.,  160.,  158.,  158.,  155.,  155.,  155.,  153.,
        153.,  152.,  152.,  151.,  150.,  149.,  147.,  144.,  140.,
        139.,  139.,  138.,  138.,  138.,  137.,  136.,  136.,  132.,
        131.,  131.,  131.,  131.,  131.,  130.,  129.,  128.,  127.,
        125.,  125.,  124.,  124.,  122.,  121.,  119.,  118.,  116.,
        115.,  115.,  114.,  113.,  113.,  110.,  110.,  108.,  107.,
        104.,  104.,  103.,  103.,  102.,  100.,  100.,  100.,   99.,
         98.,   98.,   98.,   98.,   98.,   98.,   98.,   96.,   95.,
         94.,   94.,   94.,   94.,   94.,   92.,   92.,   90.,   90.,
         88.,   87.,   87.,   86.,   85.,   85.,   84.,   84.,   82.,
         82.,   82.,   82.,   81.,   81.,   81.,   81.,   81.,   81.,
         81.,   80.,   80.,   79.,   78.,   77.,   75.,   74.,   74.,
         73.,   73.,   73.,   72.,   71.,   71.,   69.,   69.,   69.,
         69.,   68.,   67.,   67.,   66.,   64.,   64.,   64.,   63.,
         62.,   62.,   60.,   60.,   60.,   60.,   58.,   58.,   58.,
         58.,   58.,   55.,   54.,   52.,   51.,   51.,   50.,   50.,
         49.,   46.,   45.,   45.,   44.,   42.,   41.,   38.,   37.,
         36.,   36.,   35.,   35.,   35.,   32.,   31.,   31.,   29.,
         26.,   21.], dtype=float32), array([ 342., 7413., 7493., 7548., 7593., 7618., 7636., 7655., 7666.,
       7674., 7680., 7689., 7697., 7705., 7710., 7714., 7719., 7723.,
       7726., 7730., 7735., 7738., 7742., 7746., 7746., 7747., 7751.,
       7754., 7757., 7758., 7762., 7762., 7762., 7766., 7770., 7770.,
       7774., 7777., 7779., 7781., 7781., 7784., 7784., 7784., 7786.,
       7786., 7787., 7787., 7788., 7789., 7790., 7792., 7795., 7799.,
       7800., 7800., 7801., 7801., 7801., 7802., 7803., 7803., 7807.,
       7808., 7808., 7808., 7808., 7808., 7809., 7810., 7811., 7812.,
       7814., 7814., 7815., 7815., 7817., 7818., 7820., 7821., 7823.,
       7824., 7824., 7825., 7826., 7826., 7829., 7829., 7831., 7832.,
       7835., 7835., 7836., 7836., 7837., 7839., 7839., 7839., 7840.,
       7841., 7841., 7841., 7841., 7841., 7841., 7841., 7843., 7844.,
       7845., 7845., 7845., 7845., 7845., 7847., 7847., 7849., 7849.,
       7851., 7852., 7852., 7853., 7854., 7854., 7855., 7855., 7857.,
       7857., 7857., 7857., 7858., 7858., 7858., 7858., 7858., 7858.,
       7858., 7859., 7859., 7860., 7861., 7862., 7864., 7865., 7865.,
       7866., 7866., 7866., 7867., 7868., 7868., 7870., 7870., 7870.,
       7870., 7871., 7872., 7872., 7873., 7875., 7875., 7875., 7876.,
       7877., 7877., 7879., 7879., 7879., 7879., 7881., 7881., 7881.,
       7881., 7881., 7884., 7885., 7887., 7888., 7888., 7889., 7889.,
       7890., 7893., 7894., 7894., 7895., 7897., 7898., 7901., 7902.,
       7903., 7903., 7904., 7904., 7904., 7907., 7908., 7908., 7910.,
       7913., 7918.], dtype=float32), 0.9965960383415222]