[0.11440692096948624, 0.9577392935752869, array([0.4225342 , 0.6710694 , 0.7074214 , 0.7330122 , 0.7539807 ,
       0.7685961 , 0.7788877 , 0.7882144 , 0.7970393 , 0.8050042 ,
       0.8115309 , 0.817678  , 0.82366425, 0.8274521 , 0.83222157,
       0.8362735 , 0.8417731 , 0.8448606 , 0.84825134, 0.85066193,
       0.85336715, 0.8561151 , 0.85931385, 0.86212623, 0.86463547,
       0.86799634, 0.8716733 , 0.8738877 , 0.87601906, 0.87769896,
       0.8802414 , 0.8822343 , 0.8835872 , 0.88522035, 0.8871194 ,
       0.8887846 , 0.89000314, 0.8916457 , 0.89331234, 0.89468706,
       0.89606696, 0.8980044 , 0.9000953 , 0.9014959 , 0.9030458 ,
       0.90445757, 0.90571475, 0.9069618 , 0.90913475, 0.9099694 ,
       0.9106452 , 0.91136587, 0.91247374, 0.9142069 , 0.91493505,
       0.9159486 , 0.91726387, 0.9185838 , 0.91978437, 0.9203598 ,
       0.9213502 , 0.92194164, 0.9231022 , 0.92398816, 0.92516893,
       0.9258831 , 0.92661154, 0.9280981 , 0.92944884, 0.9296992 ,
       0.93059254, 0.93159825, 0.9326087 , 0.932887  , 0.93394804,
       0.93613446, 0.93685806, 0.9378055 , 0.93872386, 0.9391892 ,
       0.93993235, 0.9403592 , 0.94113654, 0.9415959 , 0.9422064 ,
       0.94298846, 0.9437819 , 0.94519377, 0.9463064 , 0.94693595,
       0.948199  , 0.94851553, 0.94896907, 0.9502325 , 0.9508536 ,
       0.9513037 , 0.95145965, 0.9515906 , 0.95206785, 0.9525541 ,
       0.9530329 , 0.9533391 , 0.95382744, 0.95412683, 0.9542688 ,
       0.9549173 , 0.95538515, 0.9562031 , 0.95618784, 0.9563471 ,
       0.9569855 , 0.95866174, 0.95912284, 0.9592482 , 0.9593739 ,
       0.96      , 0.96079814, 0.96129376, 0.96178347, 0.962438  ,
       0.96325225, 0.963562  , 0.96370107, 0.96454656, 0.9648653 ,
       0.96501875, 0.9651848 , 0.9653262 , 0.9658196 , 0.966129  ,
       0.96661884, 0.9671159 , 0.9677942 , 0.9681196 , 0.9688063 ,
       0.9689755 , 0.9696587 , 0.96998733, 0.9708597 , 0.97101974,
       0.9713353 , 0.971657  , 0.97162604, 0.97195923, 0.9729878 ,
       0.9734918 , 0.97383827, 0.97416633, 0.9744954 , 0.9746324 ,
       0.9751427 , 0.97547936, 0.9756188 , 0.976327  , 0.97664505,
       0.9768046 , 0.977315  , 0.9774716 , 0.9776203 , 0.97850066,
       0.9790066 , 0.97915494, 0.980064  , 0.9803811 , 0.980722  ,
       0.9807001 , 0.98065984, 0.9811823 , 0.98115003, 0.9811141 ,
       0.98165137, 0.98311913, 0.98307365, 0.9841821 , 0.9847136 ,
       0.9852427 , 0.98578936, 0.9861491 , 0.98688847, 0.9872474 ,
       0.9878025 , 0.9881703 , 0.9885012 , 0.98945063, 0.9898061 ,
       0.99076307, 0.9909201 , 0.99168354, 0.9918367 , 0.9917932 ,
       0.9929723 , 0.9935282 , 0.99389476, 0.994259  , 0.99463636,
       0.99522364, 0.99536115, 0.99614865, 0.9964756 , 0.99750745],
      dtype=float32), array([1.        , 0.99707353, 0.99604064, 0.995352  , 0.9944913 ,
       0.99431914, 0.99328625, 0.99242556, 0.99173695, 0.9913927 ,
       0.9910484 , 0.9905319 , 0.98984337, 0.9889826 , 0.9879497 ,
       0.9874333 , 0.9872612 , 0.9862283 , 0.98536754, 0.9845068 ,
       0.98381823, 0.98330176, 0.9831296 , 0.98278534, 0.9819246 ,
       0.9814082 , 0.98106384, 0.9805474 , 0.9803753 , 0.9796867 ,
       0.9793424 , 0.978826  , 0.9786538 , 0.97848165, 0.9781374 ,
       0.9781374 , 0.9777931 , 0.97744876, 0.9772766 , 0.97693235,
       0.9765881 , 0.9760716 , 0.9755552 , 0.9752109 , 0.97486657,
       0.9745223 , 0.9740059 , 0.97331727, 0.9731451 , 0.97262865,
       0.9719401 , 0.97176796, 0.9709072 , 0.9703908 , 0.9702186 ,
       0.9698743 , 0.96953005, 0.96918577, 0.96918577, 0.96884143,
       0.96798074, 0.96780854, 0.96712   , 0.9667757 , 0.96625924,
       0.9655707 , 0.9650542 , 0.96436566, 0.9638492 , 0.9629885 ,
       0.962472  , 0.961267  , 0.96006197, 0.95954555, 0.9590291 ,
       0.95885694, 0.95782405, 0.95782405, 0.95730764, 0.9571355 ,
       0.95627475, 0.955414  , 0.9550697 , 0.95472544, 0.95420897,
       0.9538647 , 0.95369256, 0.95300394, 0.95265967, 0.9523154 ,
       0.9516268 , 0.95145464, 0.950766  , 0.94990534, 0.9492167 ,
       0.948356  , 0.94818383, 0.9474953 , 0.94715095, 0.9469788 ,
       0.94663453, 0.9461181 , 0.9459459 , 0.94525737, 0.9447409 ,
       0.9443966 , 0.94370806, 0.9433637 , 0.94301945, 0.9428473 ,
       0.9421587 , 0.9421587 , 0.9411258 , 0.940093  , 0.9390601 ,
       0.93785506, 0.93665004, 0.93630576, 0.9357893 , 0.93510073,
       0.93406785, 0.9332071 , 0.93234634, 0.93200207, 0.93131346,
       0.93079704, 0.9306249 , 0.92976415, 0.9290756 , 0.9280427 ,
       0.92718196, 0.92649335, 0.92597693, 0.9252883 , 0.92494404,
       0.9247719 , 0.9242555 , 0.9235669 , 0.92339474, 0.92287827,
       0.92167324, 0.9206404 , 0.9196075 , 0.9189189 , 0.9177139 ,
       0.916681  , 0.9163367 , 0.9153038 , 0.91427094, 0.91272163,
       0.91168875, 0.91082805, 0.9092787 , 0.9087623 , 0.9070408 ,
       0.9061801 , 0.9048029 , 0.90377   , 0.90239286, 0.90101564,
       0.89912206, 0.89757276, 0.8970563 , 0.8946462 , 0.89326906,
       0.8922362 , 0.8903426 , 0.8886211 , 0.8870718 , 0.88535035,
       0.8841453 , 0.8822517 , 0.8798416 , 0.8782923 , 0.8760544 ,
       0.8734722 , 0.8717507 , 0.8702014 , 0.86813563, 0.86624205,
       0.8643484 , 0.8627991 , 0.8583233 , 0.8557411 , 0.8524703 ,
       0.8493717 , 0.8454123 , 0.84162503, 0.8366328 , 0.832157  ,
       0.8269926 , 0.819246  , 0.81270444, 0.8049578 , 0.798072  ,
       0.7891203 , 0.7756929 , 0.7569289 , 0.73007405, 0.688931  ],
      dtype=float32), 0.9882317781448364, array([7939., 2839., 2393., 2106., 1885., 1739., 1638., 1549., 1467.,
       1395., 1337., 1283., 1231., 1198., 1157., 1123., 1078., 1052.,
       1024., 1004.,  982.,  960.,  935.,  913.,  893.,  867.,  839.,
        822.,  806.,  793.,  774.,  759.,  749.,  737.,  723.,  711.,
        702.,  690.,  678.,  668.,  658.,  644.,  629.,  619.,  608.,
        598.,  589.,  580.,  565.,  559.,  554.,  549.,  541.,  529.,
        524.,  517.,  508.,  499.,  491.,  487.,  480.,  476.,  468.,
        462.,  454.,  449.,  444.,  434.,  425.,  423.,  417.,  410.,
        403.,  401.,  394.,  380.,  375.,  369.,  363.,  360.,  355.,
        352.,  347.,  344.,  340.,  335.,  330.,  321.,  314.,  310.,
        302.,  300.,  297.,  289.,  285.,  282.,  281.,  280.,  277.,
        274.,  271.,  269.,  266.,  264.,  263.,  259.,  256.,  251.,
        251.,  250.,  246.,  236.,  233.,  232.,  231.,  227.,  222.,
        219.,  216.,  212.,  207.,  205.,  204.,  199.,  197.,  196.,
        195.,  194.,  191.,  189.,  186.,  183.,  179.,  177.,  173.,
        172.,  168.,  166.,  161.,  160.,  158.,  156.,  156.,  154.,
        148.,  145.,  143.,  141.,  139.,  138.,  135.,  133.,  132.,
        128.,  126.,  125.,  122.,  121.,  120.,  115.,  112.,  111.,
        106.,  104.,  102.,  102.,  102.,   99.,   99.,   99.,   96.,
         88.,   88.,   82.,   79.,   76.,   73.,   71.,   67.,   65.,
         62.,   60.,   58.,   53.,   51.,   46.,   45.,   41.,   40.,
         40.,   34.,   31.,   29.,   27.,   25.,   22.,   21.,   17.,
         15.,   10.], dtype=float32), array([   0., 5100., 5546., 5833., 6054., 6200., 6301., 6390., 6472.,
       6544., 6602., 6656., 6708., 6741., 6782., 6816., 6861., 6887.,
       6915., 6935., 6957., 6979., 7004., 7026., 7046., 7072., 7100.,
       7117., 7133., 7146., 7165., 7180., 7190., 7202., 7216., 7228.,
       7237., 7249., 7261., 7271., 7281., 7295., 7310., 7320., 7331.,
       7341., 7350., 7359., 7374., 7380., 7385., 7390., 7398., 7410.,
       7415., 7422., 7431., 7440., 7448., 7452., 7459., 7463., 7471.,
       7477., 7485., 7490., 7495., 7505., 7514., 7516., 7522., 7529.,
       7536., 7538., 7545., 7559., 7564., 7570., 7576., 7579., 7584.,
       7587., 7592., 7595., 7599., 7604., 7609., 7618., 7625., 7629.,
       7637., 7639., 7642., 7650., 7654., 7657., 7658., 7659., 7662.,
       7665., 7668., 7670., 7673., 7675., 7676., 7680., 7683., 7688.,
       7688., 7689., 7693., 7703., 7706., 7707., 7708., 7712., 7717.,
       7720., 7723., 7727., 7732., 7734., 7735., 7740., 7742., 7743.,
       7744., 7745., 7748., 7750., 7753., 7756., 7760., 7762., 7766.,
       7767., 7771., 7773., 7778., 7779., 7781., 7783., 7783., 7785.,
       7791., 7794., 7796., 7798., 7800., 7801., 7804., 7806., 7807.,
       7811., 7813., 7814., 7817., 7818., 7819., 7824., 7827., 7828.,
       7833., 7835., 7837., 7837., 7837., 7840., 7840., 7840., 7843.,
       7851., 7851., 7857., 7860., 7863., 7866., 7868., 7872., 7874.,
       7877., 7879., 7881., 7886., 7888., 7893., 7894., 7898., 7899.,
       7899., 7905., 7908., 7910., 7912., 7914., 7917., 7918., 7922.,
       7924., 7929.], dtype=float32), 0.9908047318458557]