[0.9023188948631287, 0.7834594249725342, array([0.4225342 , 0.4225342 , 0.4225342 , 0.4225342 , 0.4225342 ,
       0.4225342 , 0.4225342 , 0.4225342 , 0.4225342 , 0.4225342 ,
       0.4225342 , 0.4225342 , 0.4225342 , 0.4225342 , 0.4225342 ,
       0.4225342 , 0.4225342 , 0.4225342 , 0.4225342 , 0.4225342 ,
       0.4225342 , 0.4225229 , 0.4225229 , 0.4225229 , 0.4225229 ,
       0.4225229 , 0.4225229 , 0.4225229 , 0.4225229 , 0.4224809 ,
       0.4224389 , 0.42246962, 0.42246962, 0.42246962, 0.42246962,
       0.42250037, 0.42248908, 0.42248908, 0.42244706, 0.4223824 ,
       0.42240188, 0.42233717, 0.42239872, 0.42232266, 0.4219628 ,
       0.94592917, 0.946173  , 0.94613945, 0.94640076, 0.9466625 ,
       0.94664586, 0.9469413 , 0.94692475, 0.9471875 , 0.94746715,
       0.94745076, 0.94745076, 0.9477472 , 0.94771445, 0.9479624 ,
       0.9485571 , 0.9485571 , 0.9488226 , 0.94879043, 0.94877434,
       0.94875824, 0.9493551 , 0.9493392 , 0.94932324, 0.9496063 ,
       0.9496063 , 0.94957453, 0.94985807, 0.9504576 , 0.950742  ,
       0.9506797 , 0.95066416, 0.95064855, 0.9509494 , 0.9509494 ,
       0.9515516 , 0.9515363 , 0.9515209 , 0.9515209 , 0.95179194,
       0.95176136, 0.95204824, 0.9523204 , 0.9523204 , 0.9528813 ,
       0.95286626, 0.95285124, 0.9528362 , 0.9527911 , 0.95276093,
       0.9527308 , 0.95271564, 0.95270056, 0.9529901 , 0.95297503,
       0.95297503, 0.95296   , 0.9532651 , 0.9532651 , 0.9532651 ,
       0.9535405 , 0.9535405 , 0.9535405 , 0.95351076, 0.953466  ,
       0.9537572 , 0.9537424 , 0.9537275 , 0.9537275 , 0.9537275 ,
       0.9537275 , 0.95369774, 0.95431143, 0.95431143, 0.95429677,
       0.9542673 , 0.9545601 , 0.9545601 , 0.95486784, 0.9548533 ,
       0.95482415, 0.95542634, 0.9553831 , 0.9556921 , 0.95566344,
       0.95566344, 0.95566344, 0.95566344, 0.9556347 , 0.9556347 ,
       0.9556347 , 0.95625407, 0.95625407, 0.9562399 , 0.95654994,
       0.95654994, 0.95654994, 0.9568602 , 0.9568462 , 0.9568462 ,
       0.9571568 , 0.9571568 , 0.95714283, 0.95712894, 0.9570871 ,
       0.9570871 , 0.95707315, 0.9573845 , 0.9576961 , 0.95799416,
       0.95799416, 0.958279  , 0.958279  , 0.9588907 , 0.9588907 ,
       0.95920366, 0.9591903 , 0.9595036 , 0.9595036 , 0.9594771 ,
       0.9594639 , 0.9594639 , 0.9594506 , 0.9597645 , 0.96037984,
       0.96100914, 0.9609708 , 0.9609324 , 0.9609324 , 0.9609324 ,
       0.9615637 , 0.96155113, 0.96153843, 0.9615258 , 0.96182954,
       0.9618044 , 0.96208376, 0.96208376, 0.96271855, 0.96268165,
       0.9629752 , 0.9629384 , 0.96322066, 0.9631596 , 0.9631107 ,
       0.9631107 , 0.9634065 , 0.963703  , 0.96494156, 0.9649064 ,
       0.9648594 , 0.9651591 , 0.96574885, 0.9662846 , 0.9674024 ],
      dtype=float32), array([1.        , 1.        , 1.        , 1.        , 1.        ,
       1.        , 1.        , 1.        , 1.        , 1.        ,
       1.        , 1.        , 1.        , 1.        , 1.        ,
       1.        , 1.        , 1.        , 1.        , 1.        ,
       1.        , 0.99982786, 0.99982786, 0.99982786, 0.99982786,
       0.99982786, 0.99982786, 0.99982786, 0.99982786, 0.9996557 ,
       0.9994836 , 0.9994836 , 0.9994836 , 0.9994836 , 0.9994836 ,
       0.9994836 , 0.9993114 , 0.9993114 , 0.99913925, 0.99862283,
       0.9984507 , 0.9979342 , 0.9979342 , 0.99724567, 0.99552417,
       0.5240145 , 0.523498  , 0.5231537 , 0.52280945, 0.52246517,
       0.522293  , 0.522293  , 0.52212083, 0.52177656, 0.5216044 ,
       0.5214323 , 0.5214323 , 0.5214323 , 0.52108794, 0.52057153,
       0.52057153, 0.52057153, 0.52022725, 0.5198829 , 0.5197108 ,
       0.51953864, 0.51953864, 0.5193665 , 0.51919436, 0.5190222 ,
       0.5190222 , 0.5186779 , 0.51850575, 0.51850575, 0.5183336 ,
       0.51764506, 0.51747286, 0.5173007 , 0.5173007 , 0.5173007 ,
       0.5173007 , 0.5171286 , 0.51695645, 0.51695645, 0.5166122 ,
       0.51626784, 0.5160957 , 0.5157514 , 0.5157514 , 0.515235  ,
       0.5150628 , 0.5148907 , 0.51471853, 0.5142021 , 0.5138578 ,
       0.5135135 , 0.51334137, 0.5131692 , 0.5129971 , 0.51282495,
       0.51282495, 0.51265275, 0.51265275, 0.51265275, 0.51265275,
       0.5123085 , 0.5123085 , 0.5123085 , 0.5119642 , 0.5114477 ,
       0.5112756 , 0.51110345, 0.5109313 , 0.5109313 , 0.5109313 ,
       0.5109313 , 0.51058704, 0.51058704, 0.51058704, 0.5104149 ,
       0.51007056, 0.5098984 , 0.5098984 , 0.5098984 , 0.5097263 ,
       0.509382  , 0.5092099 , 0.5086934 , 0.5086934 , 0.5083491 ,
       0.5083491 , 0.5083491 , 0.5083491 , 0.50800484, 0.50800484,
       0.50800484, 0.50800484, 0.50800484, 0.50783265, 0.50783265,
       0.50783265, 0.50783265, 0.50783265, 0.5076605 , 0.5076605 ,
       0.5076605 , 0.5076605 , 0.50748837, 0.50731623, 0.5067998 ,
       0.5067998 , 0.5066276 , 0.5066276 , 0.5066276 , 0.5064555 ,
       0.5064555 , 0.5061112 , 0.5061112 , 0.50593907, 0.50593907,
       0.50593907, 0.5057669 , 0.5057669 , 0.5057669 , 0.5054226 ,
       0.50525045, 0.50525045, 0.5050783 , 0.5050783 , 0.5049062 ,
       0.5049062 , 0.50438976, 0.5038733 , 0.5038733 , 0.5038733 ,
       0.5038733 , 0.50370115, 0.503529  , 0.5033569 , 0.50318474,
       0.5028404 , 0.502324  , 0.502324  , 0.502324  , 0.5018075 ,
       0.50146323, 0.5009468 , 0.50043035, 0.49956962, 0.49888104,
       0.49888104, 0.49853677, 0.49819246, 0.49750388, 0.49698743,
       0.49629885, 0.49595454, 0.49509382, 0.49337235, 0.49044585],
      dtype=float32), 0.7750627994537354, array([7939., 7939., 7939., 7939., 7939., 7939., 7939., 7939., 7939.,
       7939., 7939., 7939., 7939., 7939., 7939., 7939., 7939., 7939.,
       7939., 7939., 7939., 7938., 7938., 7938., 7938., 7938., 7938.,
       7938., 7938., 7938., 7938., 7937., 7937., 7937., 7937., 7936.,
       7935., 7935., 7935., 7933., 7931., 7929., 7927., 7924., 7922.,
        174.,  173.,  173.,  172.,  171.,  171.,  170.,  170.,  169.,
        168.,  168.,  168.,  167.,  167.,  166.,  164.,  164.,  163.,
        163.,  163.,  163.,  161.,  161.,  161.,  160.,  160.,  160.,
        159.,  157.,  156.,  156.,  156.,  156.,  155.,  155.,  153.,
        153.,  153.,  153.,  152.,  152.,  151.,  150.,  150.,  148.,
        148.,  148.,  148.,  148.,  148.,  148.,  148.,  148.,  147.,
        147.,  147.,  147.,  146.,  146.,  146.,  145.,  145.,  145.,
        145.,  145.,  144.,  144.,  144.,  144.,  144.,  144.,  144.,
        142.,  142.,  142.,  142.,  141.,  141.,  140.,  140.,  140.,
        138.,  138.,  137.,  137.,  137.,  137.,  137.,  137.,  137.,
        137.,  135.,  135.,  135.,  134.,  134.,  134.,  133.,  133.,
        133.,  132.,  132.,  132.,  132.,  132.,  132.,  132.,  131.,
        130.,  129.,  129.,  128.,  128.,  126.,  126.,  125.,  125.,
        124.,  124.,  124.,  124.,  124.,  124.,  123.,  121.,  119.,
        119.,  119.,  119.,  119.,  117.,  117.,  117.,  117.,  116.,
        116.,  115.,  115.,  113.,  113.,  112.,  112.,  111.,  111.,
        111.,  111.,  110.,  109.,  105.,  105.,  105.,  104.,  102.,
        100.,   96.], dtype=float32), array([0.000e+00, 0.000e+00, 0.000e+00, 0.000e+00, 0.000e+00, 0.000e+00,
       0.000e+00, 0.000e+00, 0.000e+00, 0.000e+00, 0.000e+00, 0.000e+00,
       0.000e+00, 0.000e+00, 0.000e+00, 0.000e+00, 0.000e+00, 0.000e+00,
       0.000e+00, 0.000e+00, 0.000e+00, 1.000e+00, 1.000e+00, 1.000e+00,
       1.000e+00, 1.000e+00, 1.000e+00, 1.000e+00, 1.000e+00, 1.000e+00,
       1.000e+00, 2.000e+00, 2.000e+00, 2.000e+00, 2.000e+00, 3.000e+00,
       4.000e+00, 4.000e+00, 4.000e+00, 6.000e+00, 8.000e+00, 1.000e+01,
       1.200e+01, 1.500e+01, 1.700e+01, 7.765e+03, 7.766e+03, 7.766e+03,
       7.767e+03, 7.768e+03, 7.768e+03, 7.769e+03, 7.769e+03, 7.770e+03,
       7.771e+03, 7.771e+03, 7.771e+03, 7.772e+03, 7.772e+03, 7.773e+03,
       7.775e+03, 7.775e+03, 7.776e+03, 7.776e+03, 7.776e+03, 7.776e+03,
       7.778e+03, 7.778e+03, 7.778e+03, 7.779e+03, 7.779e+03, 7.779e+03,
       7.780e+03, 7.782e+03, 7.783e+03, 7.783e+03, 7.783e+03, 7.783e+03,
       7.784e+03, 7.784e+03, 7.786e+03, 7.786e+03, 7.786e+03, 7.786e+03,
       7.787e+03, 7.787e+03, 7.788e+03, 7.789e+03, 7.789e+03, 7.791e+03,
       7.791e+03, 7.791e+03, 7.791e+03, 7.791e+03, 7.791e+03, 7.791e+03,
       7.791e+03, 7.791e+03, 7.792e+03, 7.792e+03, 7.792e+03, 7.792e+03,
       7.793e+03, 7.793e+03, 7.793e+03, 7.794e+03, 7.794e+03, 7.794e+03,
       7.794e+03, 7.794e+03, 7.795e+03, 7.795e+03, 7.795e+03, 7.795e+03,
       7.795e+03, 7.795e+03, 7.795e+03, 7.797e+03, 7.797e+03, 7.797e+03,
       7.797e+03, 7.798e+03, 7.798e+03, 7.799e+03, 7.799e+03, 7.799e+03,
       7.801e+03, 7.801e+03, 7.802e+03, 7.802e+03, 7.802e+03, 7.802e+03,
       7.802e+03, 7.802e+03, 7.802e+03, 7.802e+03, 7.804e+03, 7.804e+03,
       7.804e+03, 7.805e+03, 7.805e+03, 7.805e+03, 7.806e+03, 7.806e+03,
       7.806e+03, 7.807e+03, 7.807e+03, 7.807e+03, 7.807e+03, 7.807e+03,
       7.807e+03, 7.807e+03, 7.808e+03, 7.809e+03, 7.810e+03, 7.810e+03,
       7.811e+03, 7.811e+03, 7.813e+03, 7.813e+03, 7.814e+03, 7.814e+03,
       7.815e+03, 7.815e+03, 7.815e+03, 7.815e+03, 7.815e+03, 7.815e+03,
       7.816e+03, 7.818e+03, 7.820e+03, 7.820e+03, 7.820e+03, 7.820e+03,
       7.820e+03, 7.822e+03, 7.822e+03, 7.822e+03, 7.822e+03, 7.823e+03,
       7.823e+03, 7.824e+03, 7.824e+03, 7.826e+03, 7.826e+03, 7.827e+03,
       7.827e+03, 7.828e+03, 7.828e+03, 7.828e+03, 7.828e+03, 7.829e+03,
       7.830e+03, 7.834e+03, 7.834e+03, 7.834e+03, 7.835e+03, 7.837e+03,
       7.839e+03, 7.843e+03], dtype=float32), 0.7515910267829895]