[0.6650494337081909, 0.8714722394943237, array([0.48918736, 0.6043746 , 0.6149843 , 0.6211589 , 0.62628955,
       0.63114846, 0.63506037, 0.638472  , 0.6415828 , 0.64371914,
       0.64707243, 0.65037245, 0.6529825 , 0.6556876 , 0.65788543,
       0.66006404, 0.6628503 , 0.66427374, 0.6660665 , 0.66815335,
       0.6709857 , 0.6730699 , 0.67566246, 0.6794888 , 0.68177885,
       0.68535554, 0.68825   , 0.69165933, 0.69752383, 0.8797331 ,
       0.89927685, 0.913602  , 0.9266667 , 0.93572086, 0.9442574 ,
       0.94922024, 0.9538521 , 0.95693874, 0.9613708 , 0.96360725,
       0.96549636, 0.9674929 , 0.96947974, 0.97093385, 0.9722395 ,
       0.9733888 , 0.9741019 , 0.9750315 , 0.976602  , 0.97819185,
       0.9785106 , 0.9790509 , 0.9798023 , 0.98037523, 0.98201907,
       0.9825898 , 0.982962  , 0.9831103 , 0.9839136 , 0.9838852 ,
       0.9842642 , 0.9844479 , 0.9846051 , 0.9854619 , 0.98630136,
       0.9865078 , 0.98648345, 0.98644376, 0.98684806, 0.98682415,
       0.98679715, 0.9867791 , 0.9869774 , 0.9874113 , 0.98760897,
       0.98756903, 0.9875375 , 0.98751736, 0.9874884 , 0.9879126 ,
       0.98810357, 0.98854876, 0.98853   , 0.98851115, 0.988949  ,
       0.98890984, 0.9888994 , 0.9888968 , 0.98911244, 0.9893137 ,
       0.989301  , 0.9892678 , 0.9894787 , 0.9897006 , 0.9896907 ,
       0.98991114, 0.98990387, 0.98988193, 0.98985505, 0.99006784,
       0.99029595, 0.99052477, 0.990504  , 0.9904948 , 0.99047154,
       0.9904482 , 0.9906771 , 0.9906634 , 0.9906473 , 0.9906381 ,
       0.9908665 , 0.99085516, 0.99084157, 0.9908211 , 0.9907983 ,
       0.99079144, 0.9910202 , 0.9915064 , 0.99148935, 0.99147654,
       0.9914594 , 0.99168974, 0.991673  , 0.9916519 , 0.99188846,
       0.9918761 , 0.9918699 , 0.9918513 , 0.9918367 , 0.9918284 ,
       0.9918221 , 0.99206144, 0.9920492 , 0.99204314, 0.992035  ,
       0.9920247 , 0.992268  , 0.99224   , 0.9922199 , 0.99220777,
       0.9921956 , 0.9921875 , 0.9921753 , 0.9921589 , 0.99215686,
       0.99241036, 0.99239844, 0.99239445, 0.99238247, 0.9923584 ,
       0.99234223, 0.99232805, 0.9928401 , 0.99282676, 0.9928153 ,
       0.9928    , 0.99278075, 0.9930314 , 0.9932886 , 0.99354494,
       0.99352574, 0.9935205 , 0.9935065 , 0.99376357, 0.9940169 ,
       0.99400544, 0.99453104, 0.994516  , 0.99450547, 0.99476874,
       0.99475425, 0.9952804 , 0.9952712 , 0.99526465, 0.99525005,
       0.99551946, 0.9955094 , 0.9954993 , 0.9954828 , 0.9954674 ,
       0.9957398 , 0.9957277 , 0.996     , 0.9959874 , 0.9959724 ,
       0.9959596 , 0.99623406, 0.9965106 , 0.9967855 , 0.99677515,
       0.99675995, 0.9967417 , 0.99671936, 0.9966947 , 0.9966687 ,
       0.9966371 , 0.9969069 , 0.99748427, 0.9977456 , 0.9980047 ],
      dtype=float32), array([0.99690133, 0.9798588 , 0.97641593, 0.97435015, 0.9719401 ,
       0.9697022 , 0.96849716, 0.9667757 , 0.9657428 , 0.96419346,
       0.96264416, 0.9619556 , 0.96109486, 0.95954555, 0.9586848 ,
       0.9579962 , 0.95679116, 0.95575833, 0.95524186, 0.95420897,
       0.9538647 , 0.95300394, 0.9524875 , 0.9517989 , 0.9500775 ,
       0.9490446 , 0.94783956, 0.9464624 , 0.94560164, 0.9079015 ,
       0.89912206, 0.8937855 , 0.88535035, 0.8770873 , 0.8689964 ,
       0.859184  , 0.85040456, 0.84162503, 0.83542776, 0.8295748 ,
       0.8237218 , 0.8197624 , 0.81477016, 0.8108108 , 0.80788434,
       0.8059907 , 0.8028921 , 0.79996556, 0.7975555 , 0.7953176 ,
       0.7917025 , 0.78843176, 0.7849888 , 0.78257877, 0.78034085,
       0.7772422 , 0.77466   , 0.7715614 , 0.76863486, 0.7672577 ,
       0.76450336, 0.7627819 , 0.75968325, 0.7584782 , 0.75606817,
       0.7552074 , 0.75383025, 0.75159234, 0.7491823 , 0.7478051 ,
       0.7462558 , 0.7452229 , 0.7436736 , 0.74264073, 0.7409193 ,
       0.73850924, 0.7366156 , 0.7354106 , 0.7336891 , 0.73162335,
       0.7292133 , 0.7281804 , 0.7269754 , 0.72577035, 0.7240489 ,
       0.72146666, 0.7207781 , 0.72060597, 0.71940094, 0.717163  ,
       0.7163023 , 0.71406436, 0.7123429 , 0.71131   , 0.7106215 ,
       0.70941645, 0.7089    , 0.7073507 , 0.70545703, 0.70356345,
       0.7027027 , 0.70184195, 0.70029265, 0.69960403, 0.6978826 ,
       0.69616115, 0.69512826, 0.6940954 , 0.69289035, 0.69220173,
       0.6909967 , 0.690136  , 0.6891031 , 0.6875538 , 0.6858323 ,
       0.6853159 , 0.68393874, 0.6832501 , 0.68187296, 0.6808401 ,
       0.6794629 , 0.6779136 , 0.6765364 , 0.67481494, 0.6736099 ,
       0.672577  , 0.6720606 , 0.6705113 , 0.6693063 , 0.66861767,
       0.66810125, 0.6668962 , 0.66586334, 0.66534686, 0.6646583 ,
       0.66379756, 0.66276467, 0.6603546 , 0.6586332 , 0.6576003 ,
       0.6565674 , 0.6558788 , 0.65484595, 0.6534687 , 0.6532966 ,
       0.6527802 , 0.6517473 , 0.651403  , 0.6503701 , 0.64830434,
       0.6469272 , 0.64572215, 0.6445171 , 0.6433121 , 0.6422792 ,
       0.64090204, 0.6391806 , 0.63780344, 0.6369427 , 0.6359098 ,
       0.63401616, 0.63349974, 0.6321226 , 0.63091755, 0.62919605,
       0.627991  , 0.62609744, 0.62437594, 0.6231709 , 0.6219659 ,
       0.62024444, 0.61714584, 0.6159408 , 0.61508006, 0.6131864 ,
       0.6119814 , 0.6106042 , 0.60922706, 0.60698915, 0.60492337,
       0.6035462 , 0.60182476, 0.60010326, 0.5982097 , 0.59597176,
       0.5940782 , 0.5920124 , 0.5899466 , 0.5871923 , 0.58529866,
       0.5825443 , 0.5792735 , 0.57531416, 0.57101053, 0.5665347 ,
       0.5611981 , 0.5548287 , 0.54604924, 0.53331035, 0.5166122 ],
      dtype=float32), 0.9601638317108154, array([6.047e+03, 3.726e+03, 3.551e+03, 3.452e+03, 3.369e+03, 3.292e+03,
       3.233e+03, 3.180e+03, 3.134e+03, 3.100e+03, 3.050e+03, 3.004e+03,
       2.967e+03, 2.927e+03, 2.896e+03, 2.866e+03, 2.827e+03, 2.806e+03,
       2.782e+03, 2.753e+03, 2.717e+03, 2.689e+03, 2.656e+03, 2.608e+03,
       2.576e+03, 2.531e+03, 2.494e+03, 2.451e+03, 2.382e+03, 7.210e+02,
       5.850e+02, 4.910e+02, 4.070e+02, 3.500e+02, 2.980e+02, 2.670e+02,
       2.390e+02, 2.200e+02, 1.950e+02, 1.820e+02, 1.710e+02, 1.600e+02,
       1.490e+02, 1.410e+02, 1.340e+02, 1.280e+02, 1.240e+02, 1.190e+02,
       1.110e+02, 1.030e+02, 1.010e+02, 9.800e+01, 9.400e+01, 9.100e+01,
       8.300e+01, 8.000e+01, 7.800e+01, 7.700e+01, 7.300e+01, 7.300e+01,
       7.100e+01, 7.000e+01, 6.900e+01, 6.500e+01, 6.100e+01, 6.000e+01,
       6.000e+01, 6.000e+01, 5.800e+01, 5.800e+01, 5.800e+01, 5.800e+01,
       5.700e+01, 5.500e+01, 5.400e+01, 5.400e+01, 5.400e+01, 5.400e+01,
       5.400e+01, 5.200e+01, 5.100e+01, 4.900e+01, 4.900e+01, 4.900e+01,
       4.700e+01, 4.700e+01, 4.700e+01, 4.700e+01, 4.600e+01, 4.500e+01,
       4.500e+01, 4.500e+01, 4.400e+01, 4.300e+01, 4.300e+01, 4.200e+01,
       4.200e+01, 4.200e+01, 4.200e+01, 4.100e+01, 4.000e+01, 3.900e+01,
       3.900e+01, 3.900e+01, 3.900e+01, 3.900e+01, 3.800e+01, 3.800e+01,
       3.800e+01, 3.800e+01, 3.700e+01, 3.700e+01, 3.700e+01, 3.700e+01,
       3.700e+01, 3.700e+01, 3.600e+01, 3.400e+01, 3.400e+01, 3.400e+01,
       3.400e+01, 3.300e+01, 3.300e+01, 3.300e+01, 3.200e+01, 3.200e+01,
       3.200e+01, 3.200e+01, 3.200e+01, 3.200e+01, 3.200e+01, 3.100e+01,
       3.100e+01, 3.100e+01, 3.100e+01, 3.100e+01, 3.000e+01, 3.000e+01,
       3.000e+01, 3.000e+01, 3.000e+01, 3.000e+01, 3.000e+01, 3.000e+01,
       3.000e+01, 2.900e+01, 2.900e+01, 2.900e+01, 2.900e+01, 2.900e+01,
       2.900e+01, 2.900e+01, 2.700e+01, 2.700e+01, 2.700e+01, 2.700e+01,
       2.700e+01, 2.600e+01, 2.500e+01, 2.400e+01, 2.400e+01, 2.400e+01,
       2.400e+01, 2.300e+01, 2.200e+01, 2.200e+01, 2.000e+01, 2.000e+01,
       2.000e+01, 1.900e+01, 1.900e+01, 1.700e+01, 1.700e+01, 1.700e+01,
       1.700e+01, 1.600e+01, 1.600e+01, 1.600e+01, 1.600e+01, 1.600e+01,
       1.500e+01, 1.500e+01, 1.400e+01, 1.400e+01, 1.400e+01, 1.400e+01,
       1.300e+01, 1.200e+01, 1.100e+01, 1.100e+01, 1.100e+01, 1.100e+01,
       1.100e+01, 1.100e+01, 1.100e+01, 1.100e+01, 1.000e+01, 8.000e+00,
       7.000e+00, 6.000e+00], dtype=float32), array([1892., 4213., 4388., 4487., 4570., 4647., 4706., 4759., 4805.,
       4839., 4889., 4935., 4972., 5012., 5043., 5073., 5112., 5133.,
       5157., 5186., 5222., 5250., 5283., 5331., 5363., 5408., 5445.,
       5488., 5557., 7218., 7354., 7448., 7532., 7589., 7641., 7672.,
       7700., 7719., 7744., 7757., 7768., 7779., 7790., 7798., 7805.,
       7811., 7815., 7820., 7828., 7836., 7838., 7841., 7845., 7848.,
       7856., 7859., 7861., 7862., 7866., 7866., 7868., 7869., 7870.,
       7874., 7878., 7879., 7879., 7879., 7881., 7881., 7881., 7881.,
       7882., 7884., 7885., 7885., 7885., 7885., 7885., 7887., 7888.,
       7890., 7890., 7890., 7892., 7892., 7892., 7892., 7893., 7894.,
       7894., 7894., 7895., 7896., 7896., 7897., 7897., 7897., 7897.,
       7898., 7899., 7900., 7900., 7900., 7900., 7900., 7901., 7901.,
       7901., 7901., 7902., 7902., 7902., 7902., 7902., 7902., 7903.,
       7905., 7905., 7905., 7905., 7906., 7906., 7906., 7907., 7907.,
       7907., 7907., 7907., 7907., 7907., 7908., 7908., 7908., 7908.,
       7908., 7909., 7909., 7909., 7909., 7909., 7909., 7909., 7909.,
       7909., 7910., 7910., 7910., 7910., 7910., 7910., 7910., 7912.,
       7912., 7912., 7912., 7912., 7913., 7914., 7915., 7915., 7915.,
       7915., 7916., 7917., 7917., 7919., 7919., 7919., 7920., 7920.,
       7922., 7922., 7922., 7922., 7923., 7923., 7923., 7923., 7923.,
       7924., 7924., 7925., 7925., 7925., 7925., 7926., 7927., 7928.,
       7928., 7928., 7928., 7928., 7928., 7928., 7928., 7929., 7931.,
       7932., 7933.], dtype=float32), 0.9590941667556763]