[0.06783714145421982, 0.9749781489372253, array([0.4225342 , 0.729672  , 0.784266  , 0.8141494 , 0.83448476,
       0.84856474, 0.8600059 , 0.8683263 , 0.87515116, 0.88177943,
       0.8871512 , 0.89245486, 0.8974399 , 0.9006385 , 0.90299904,
       0.9059709 , 0.9086478 , 0.91003627, 0.91274107, 0.91562253,
       0.91722274, 0.91864353, 0.9200829 , 0.9231631 , 0.9253851 ,
       0.9279047 , 0.92893976, 0.92951614, 0.93070585, 0.9321787 ,
       0.9335279 , 0.9353056 , 0.93709254, 0.9386122 , 0.93982995,
       0.9405892 , 0.94255704, 0.94345826, 0.94361335, 0.9443713 ,
       0.94436216, 0.945131  , 0.94528675, 0.94543356, 0.94633424,
       0.94756866, 0.9480218 , 0.9487902 , 0.94973457, 0.95019096,
       0.9504901 , 0.9507815 , 0.95157266, 0.9523254 , 0.95327103,
       0.9539001 , 0.95453787, 0.9550092 , 0.9553213 , 0.9554663 ,
       0.955939  , 0.9560992 , 0.9565582 , 0.9568647 , 0.9568647 ,
       0.9573396 , 0.9574933 , 0.9576471 , 0.95877504, 0.95908403,
       0.9595483 , 0.96049964, 0.96081084, 0.9617727 , 0.9620853 ,
       0.9620853 , 0.9627308 , 0.96289396, 0.96322036, 0.9638738 ,
       0.96418875, 0.9645161 , 0.9648318 , 0.9651598 , 0.9653238 ,
       0.9654703 , 0.9660988 , 0.9667576 , 0.96707606, 0.967395  ,
       0.9675546 , 0.9678797 , 0.9678578 , 0.9683436 , 0.96848774,
       0.9691305 , 0.96929145, 0.9697854 , 0.969775  , 0.96993124,
       0.96990544, 0.96990025, 0.9698847 , 0.97037035, 0.9708621 ,
       0.970852  , 0.9711721 , 0.9718188 , 0.972155  , 0.9726502 ,
       0.97280914, 0.972795  , 0.97294015, 0.97294015, 0.9736065 ,
       0.973762  , 0.97408247, 0.97423846, 0.974225  , 0.97437686,
       0.9750567 , 0.975048  , 0.97537977, 0.9753453 , 0.976349  ,
       0.97685426, 0.97718096, 0.97717696, 0.9774965 , 0.97766054,
       0.9778091 , 0.9777973 , 0.9779619 , 0.9781228 , 0.97846425,
       0.9787948 , 0.9789604 , 0.97895294, 0.97929204, 0.9794581 ,
       0.97962797, 0.97997165, 0.9803052 , 0.9806291 , 0.98114216,
       0.98147815, 0.9814749 , 0.9814749 , 0.982162  , 0.98249686,
       0.9824781 , 0.98263514, 0.9827957 , 0.9827864 , 0.98295355,
       0.9832974 , 0.98381585, 0.9846764 , 0.98483205, 0.98498553,
       0.98513687, 0.98531276, 0.9856546 , 0.9858182 , 0.98579234,
       0.986139  , 0.9868469 , 0.9870106 , 0.9869916 , 0.98751837,
       0.9878632 , 0.9880118 , 0.9889094 , 0.98979026, 0.9901414 ,
       0.9903057 , 0.9904691 , 0.99063843, 0.9909842 , 0.99133056,
       0.99167454, 0.99202734, 0.9925686 , 0.9927231 , 0.99289006,
       0.9930408 , 0.99338776, 0.9937316 , 0.9942846 , 0.99424946,
       0.9946151 , 0.99475384, 0.995095  , 0.9956323 , 0.995954  ,
       0.99648505, 0.9968029 , 0.99734557, 0.9989356 , 0.9993675 ],
      dtype=float32), array([1.        , 0.9994836 , 0.998795  , 0.9984507 , 0.99810636,
       0.9974178 , 0.99724567, 0.9967292 , 0.9967292 , 0.9963849 ,
       0.99604064, 0.9956963 , 0.9956963 , 0.99552417, 0.9951799 ,
       0.9951799 , 0.9948356 , 0.99431914, 0.99397486, 0.9938027 ,
       0.9938027 , 0.99328625, 0.992942  , 0.99276984, 0.99276984,
       0.9925977 , 0.99242556, 0.9920812 , 0.9919091 , 0.9913927 ,
       0.99122053, 0.9905319 , 0.98984337, 0.9896712 , 0.98949903,
       0.9893269 , 0.98863834, 0.98812187, 0.98812187, 0.9877776 ,
       0.98760545, 0.9874333 , 0.9874333 , 0.9872612 , 0.98657256,
       0.9862283 , 0.98588395, 0.9855397 , 0.9855397 , 0.9851954 ,
       0.9848511 , 0.98433465, 0.98433465, 0.9834739 , 0.98330176,
       0.9831296 , 0.9831296 , 0.9829575 , 0.98278534, 0.98244107,
       0.98226887, 0.98226887, 0.98175246, 0.9814082 , 0.9814082 ,
       0.98123604, 0.98106384, 0.9808917 , 0.9808917 , 0.9805474 ,
       0.980031  , 0.97951454, 0.97917026, 0.978826  , 0.97848165,
       0.97848165, 0.9783095 , 0.9783095 , 0.9783095 , 0.9783095 ,
       0.97796524, 0.97796524, 0.97762096, 0.97762096, 0.97762096,
       0.9771045 , 0.97624373, 0.97624373, 0.97589946, 0.9755552 ,
       0.97538304, 0.9752109 , 0.9745223 , 0.974178  , 0.9734894 ,
       0.97280085, 0.97262865, 0.9724565 , 0.97211224, 0.97176796,
       0.9709072 , 0.9707351 , 0.9702186 , 0.9697022 , 0.9693579 ,
       0.9690136 , 0.96849716, 0.9676364 , 0.9676364 , 0.96729213,
       0.96694785, 0.9664314 , 0.9655707 , 0.9655707 , 0.96522635,
       0.96470994, 0.9640213 , 0.9635049 , 0.9629885 , 0.9622999 ,
       0.9622999 , 0.9619556 , 0.9616113 , 0.9602341 , 0.9593734 ,
       0.9590291 , 0.9583405 , 0.9581684 , 0.9571355 , 0.95679116,
       0.95575833, 0.95524186, 0.9548976 , 0.9543811 , 0.95420897,
       0.9535204 , 0.9531761 , 0.9528318 , 0.9524875 , 0.95214325,
       0.95197105, 0.9517989 , 0.95111036, 0.94990534, 0.94938886,
       0.9487003 , 0.9485282 , 0.9485282 , 0.94783956, 0.9469788 ,
       0.9459459 , 0.9449131 , 0.94405234, 0.94353586, 0.94301945,
       0.94250304, 0.9418144 , 0.9402651 , 0.93888795, 0.9373386 ,
       0.93561715, 0.935445  , 0.9344121 , 0.93337923, 0.9316578 ,
       0.93079704, 0.9299363 , 0.92873126, 0.9273541 , 0.9261491 ,
       0.9247719 , 0.9221897 , 0.9209847 , 0.917886  , 0.9163367 ,
       0.91444314, 0.91237736, 0.91082805, 0.9082458 , 0.9054915 ,
       0.90222067, 0.8996385 , 0.896712  , 0.8924083 , 0.88948184,
       0.88431746, 0.8793252 , 0.8733001 , 0.86847997, 0.8631434 ,
       0.8584954 , 0.84868306, 0.83818215, 0.8240661 , 0.80512995,
       0.78085726, 0.7514202 , 0.71148217, 0.6462386 , 0.54398346],
      dtype=float32), 0.9953738451004028, array([7.939e+03, 2.151e+03, 1.596e+03, 1.324e+03, 1.150e+03, 1.034e+03,
       9.430e+02, 8.780e+02, 8.260e+02, 7.760e+02, 7.360e+02, 6.970e+02,
       6.610e+02, 6.380e+02, 6.210e+02, 6.000e+02, 5.810e+02, 5.710e+02,
       5.520e+02, 5.320e+02, 5.210e+02, 5.110e+02, 5.010e+02, 4.800e+02,
       4.650e+02, 4.480e+02, 4.410e+02, 4.370e+02, 4.290e+02, 4.190e+02,
       4.100e+02, 3.980e+02, 3.860e+02, 3.760e+02, 3.680e+02, 3.630e+02,
       3.500e+02, 3.440e+02, 3.430e+02, 3.380e+02, 3.380e+02, 3.330e+02,
       3.320e+02, 3.310e+02, 3.250e+02, 3.170e+02, 3.140e+02, 3.090e+02,
       3.030e+02, 3.000e+02, 2.980e+02, 2.960e+02, 2.910e+02, 2.860e+02,
       2.800e+02, 2.760e+02, 2.720e+02, 2.690e+02, 2.670e+02, 2.660e+02,
       2.630e+02, 2.620e+02, 2.590e+02, 2.570e+02, 2.570e+02, 2.540e+02,
       2.530e+02, 2.520e+02, 2.450e+02, 2.430e+02, 2.400e+02, 2.340e+02,
       2.320e+02, 2.260e+02, 2.240e+02, 2.240e+02, 2.200e+02, 2.190e+02,
       2.170e+02, 2.130e+02, 2.110e+02, 2.090e+02, 2.070e+02, 2.050e+02,
       2.040e+02, 2.030e+02, 1.990e+02, 1.950e+02, 1.930e+02, 1.910e+02,
       1.900e+02, 1.880e+02, 1.880e+02, 1.850e+02, 1.840e+02, 1.800e+02,
       1.790e+02, 1.760e+02, 1.760e+02, 1.750e+02, 1.750e+02, 1.750e+02,
       1.750e+02, 1.720e+02, 1.690e+02, 1.690e+02, 1.670e+02, 1.630e+02,
       1.610e+02, 1.580e+02, 1.570e+02, 1.570e+02, 1.560e+02, 1.560e+02,
       1.520e+02, 1.510e+02, 1.490e+02, 1.480e+02, 1.480e+02, 1.470e+02,
       1.430e+02, 1.430e+02, 1.410e+02, 1.410e+02, 1.350e+02, 1.320e+02,
       1.300e+02, 1.300e+02, 1.280e+02, 1.270e+02, 1.260e+02, 1.260e+02,
       1.250e+02, 1.240e+02, 1.220e+02, 1.200e+02, 1.190e+02, 1.190e+02,
       1.170e+02, 1.160e+02, 1.150e+02, 1.130e+02, 1.110e+02, 1.090e+02,
       1.060e+02, 1.040e+02, 1.040e+02, 1.040e+02, 1.000e+02, 9.800e+01,
       9.800e+01, 9.700e+01, 9.600e+01, 9.600e+01, 9.500e+01, 9.300e+01,
       9.000e+01, 8.500e+01, 8.400e+01, 8.300e+01, 8.200e+01, 8.100e+01,
       7.900e+01, 7.800e+01, 7.800e+01, 7.600e+01, 7.200e+01, 7.100e+01,
       7.100e+01, 6.800e+01, 6.600e+01, 6.500e+01, 6.000e+01, 5.500e+01,
       5.300e+01, 5.200e+01, 5.100e+01, 5.000e+01, 4.800e+01, 4.600e+01,
       4.400e+01, 4.200e+01, 3.900e+01, 3.800e+01, 3.700e+01, 3.600e+01,
       3.400e+01, 3.200e+01, 2.900e+01, 2.900e+01, 2.700e+01, 2.600e+01,
       2.400e+01, 2.100e+01, 1.900e+01, 1.600e+01, 1.400e+01, 1.100e+01,
       4.000e+00, 2.000e+00], dtype=float32), array([   0., 5788., 6343., 6615., 6789., 6905., 6996., 7061., 7113.,
       7163., 7203., 7242., 7278., 7301., 7318., 7339., 7358., 7368.,
       7387., 7407., 7418., 7428., 7438., 7459., 7474., 7491., 7498.,
       7502., 7510., 7520., 7529., 7541., 7553., 7563., 7571., 7576.,
       7589., 7595., 7596., 7601., 7601., 7606., 7607., 7608., 7614.,
       7622., 7625., 7630., 7636., 7639., 7641., 7643., 7648., 7653.,
       7659., 7663., 7667., 7670., 7672., 7673., 7676., 7677., 7680.,
       7682., 7682., 7685., 7686., 7687., 7694., 7696., 7699., 7705.,
       7707., 7713., 7715., 7715., 7719., 7720., 7722., 7726., 7728.,
       7730., 7732., 7734., 7735., 7736., 7740., 7744., 7746., 7748.,
       7749., 7751., 7751., 7754., 7755., 7759., 7760., 7763., 7763.,
       7764., 7764., 7764., 7764., 7767., 7770., 7770., 7772., 7776.,
       7778., 7781., 7782., 7782., 7783., 7783., 7787., 7788., 7790.,
       7791., 7791., 7792., 7796., 7796., 7798., 7798., 7804., 7807.,
       7809., 7809., 7811., 7812., 7813., 7813., 7814., 7815., 7817.,
       7819., 7820., 7820., 7822., 7823., 7824., 7826., 7828., 7830.,
       7833., 7835., 7835., 7835., 7839., 7841., 7841., 7842., 7843.,
       7843., 7844., 7846., 7849., 7854., 7855., 7856., 7857., 7858.,
       7860., 7861., 7861., 7863., 7867., 7868., 7868., 7871., 7873.,
       7874., 7879., 7884., 7886., 7887., 7888., 7889., 7891., 7893.,
       7895., 7897., 7900., 7901., 7902., 7903., 7905., 7907., 7910.,
       7910., 7912., 7913., 7915., 7918., 7920., 7923., 7925., 7928.,
       7935., 7937.], dtype=float32), 0.9966913461685181]