0 0.050625 0.0135 0.02025 0.027
0 0.192375 0.0135 0.02025 0.027
0 0.475875 0.0135 0.02025 0.027
0 0.597375 0.0135 0.02025 0.027
0 0.739125 0.0135 0.02025 0.027
0 0.860625 0.0135 0.02025 0.027
0 0.982125 0.0135 0.02025 0.027
0 1.002375 0.0135 0.02025 0.027
0 0.475875 0.0405 0.02025 0.027
0 0.496125 0.0405 0.02025 0.027
0 0.617625 0.0405 0.02025 0.027
0 0.637875 0.0405 0.02025 0.027
0 0.739125 0.0405 0.02025 0.027
0 1.002375 0.0405 0.02025 0.027
0 0.536625 0.0675 0.02025 0.027
0 0.637875 0.0675 0.02025 0.027
0 1.002375 0.0675 0.02025 0.027
0 0.010125 0.0945 0.02025 0.027
0 0.091125 0.0945 0.02025 0.027
0 0.556875 0.0945 0.02025 0.027
0 0.759375 0.0945 0.02025 0.027
0 0.820125 0.0945 0.02025 0.027
0 0.921375 0.0945 0.02025 0.027
0 1.002375 0.0945 0.02025 0.027
0 0.010125 0.1215 0.02025 0.027
0 0.496125 0.1215 0.02025 0.027
0 0.516375 0.1215 0.02025 0.027
0 0.799875 0.1215 0.02025 0.027
0 0.941625 0.1215 0.02025 0.027
0 1.002375 0.1215 0.02025 0.027
0 0.131625 0.1485 0.02025 0.027
0 0.172125 0.1485 0.02025 0.027
0 0.658125 0.1485 0.02025 0.027
0 1.002375 0.1485 0.02025 0.027
0 0.030375 0.1755 0.02025 0.027
0 0.050625 0.1755 0.02025 0.027
0 0.496125 0.1755 0.02025 0.027
0 0.577125 0.1755 0.02025 0.027
0 0.698625 0.1755 0.02025 0.027
0 0.718875 0.1755 0.02025 0.027
0 0.941625 0.1755 0.02025 0.027
0 0.961875 0.1755 0.02025 0.027
0 1.002375 0.1755 0.02025 0.027
0 0.111375 0.2025 0.02025 0.027
0 0.131625 0.2025 0.02025 0.027
0 0.678375 0.2025 0.02025 0.027
0 0.759375 0.2025 0.02025 0.027
0 1.002375 0.2025 0.02025 0.027
0 0.131625 0.2295 0.02025 0.027
0 0.151875 0.2295 0.02025 0.027
0 0.496125 0.2295 0.02025 0.027
0 0.556875 0.2295 0.02025 0.027
0 1.002375 0.2295 0.02025 0.027
0 0.131625 0.2565 0.02025 0.027
0 1.002375 0.2565 0.02025 0.027
0 0.799875 0.2835 0.02025 0.027
0 1.002375 0.2835 0.02025 0.027
0 0.779625 0.3105 0.02025 0.027
0 1.002375 0.3105 0.02025 0.027
0 0.050625 0.3375 0.02025 0.027
0 0.070875 0.3375 0.02025 0.027
0 0.091125 0.3375 0.02025 0.027
0 0.111375 0.3375 0.02025 0.027
0 0.131625 0.3375 0.02025 0.027
0 0.637875 0.3375 0.02025 0.027
0 0.820125 0.3375 0.02025 0.027
0 0.982125 0.3375 0.02025 0.027
0 1.002375 0.3375 0.02025 0.027
0 0.050625 0.3645 0.02025 0.027
0 0.091125 0.3645 0.02025 0.027
0 0.111375 0.3645 0.02025 0.027
0 0.617625 0.3645 0.02025 0.027
0 0.637875 0.3645 0.02025 0.027
0 0.678375 0.3645 0.02025 0.027
0 0.759375 0.3645 0.02025 0.027
0 1.002375 0.3645 0.02025 0.027
0 0.010125 0.3915 0.02025 0.027
0 0.678375 0.3915 0.02025 0.027
0 0.698625 0.3915 0.02025 0.027
0 0.739125 0.3915 0.02025 0.027
0 0.982125 0.3915 0.02025 0.027
0 1.002375 0.3915 0.02025 0.027
0 0.455625 0.4185 0.02025 0.027
0 0.577125 0.4185 0.02025 0.027
0 0.820125 0.4185 0.02025 0.027
0 0.860625 0.4185 0.02025 0.027
0 0.880875 0.4185 0.02025 0.027
0 1.002375 0.4185 0.02025 0.027
0 0.637875 0.4455 0.02025 0.027
0 1.002375 0.4455 0.02025 0.027
0 0.374625 0.4725 0.02025 0.027
0 1.002375 0.4725 0.02025 0.027
0 0.334125 0.4995 0.02025 0.027
0 0.840375 0.4995 0.02025 0.027
0 1.002375 0.4995 0.02025 0.027
0 0.313875 0.5265 0.02025 0.027
0 0.718875 0.5265 0.02025 0.027
0 0.759375 0.5265 0.02025 0.027
0 0.961875 0.5265 0.02025 0.027
0 1.002375 0.5265 0.02025 0.027
0 0.739125 0.5535 0.02025 0.027
0 0.840375 0.5535 0.02025 0.027
0 0.860625 0.5535 0.02025 0.027
0 0.941625 0.5535 0.02025 0.027
0 0.961875 0.5535 0.02025 0.027
0 1.002375 0.5535 0.02025 0.027
0 0.860625 0.5805 0.02025 0.027
0 1.002375 0.5805 0.02025 0.027
0 0.151875 0.6075 0.02025 0.027
0 0.718875 0.6075 0.02025 0.027
0 0.840375 0.6075 0.02025 0.027
0 0.901125 0.6075 0.02025 0.027
0 1.002375 0.6075 0.02025 0.027
0 0.232875 0.6345 0.02025 0.027
0 0.597375 0.6345 0.02025 0.027
0 1.002375 0.6345 0.02025 0.027
0 0.010125 0.6615 0.02025 0.027
0 0.232875 0.6615 0.02025 0.027
0 0.597375 0.6615 0.02025 0.027
0 0.678375 0.6615 0.02025 0.027
0 1.002375 0.6615 0.02025 0.027
0 0.597375 0.6885 0.02025 0.027
0 0.637875 0.6885 0.02025 0.027
0 0.678375 0.6885 0.02025 0.027
0 0.718875 0.6885 0.02025 0.027
0 0.820125 0.6885 0.02025 0.027
0 1.002375 0.6885 0.02025 0.027
0 0.212625 0.7155 0.02025 0.027
0 0.354375 0.7155 0.02025 0.027
0 0.637875 0.7155 0.02025 0.027
0 0.718875 0.7155 0.02025 0.027
0 0.739125 0.7155 0.02025 0.027
0 0.759375 0.7155 0.02025 0.027
0 0.820125 0.7155 0.02025 0.027
0 0.961875 0.7155 0.02025 0.027
0 0.982125 0.7155 0.02025 0.027
0 1.002375 0.7155 0.02025 0.027
0 0.192375 0.7425 0.02025 0.027
0 0.293625 0.7425 0.02025 0.027
0 0.637875 0.7425 0.02025 0.027
0 0.698625 0.7425 0.02025 0.027
0 0.718875 0.7425 0.02025 0.027
0 0.739125 0.7425 0.02025 0.027
0 0.779625 0.7425 0.02025 0.027
0 1.002375 0.7425 0.02025 0.027
0 0.293625 0.7695 0.02025 0.027
0 0.536625 0.7695 0.02025 0.027
0 0.577125 0.7695 0.02025 0.027
0 0.637875 0.7695 0.02025 0.027
0 0.678375 0.7695 0.02025 0.027
0 0.698625 0.7695 0.02025 0.027
0 0.718875 0.7695 0.02025 0.027
0 0.759375 0.7695 0.02025 0.027
0 1.002375 0.7695 0.02025 0.027
0 0.131625 0.7965 0.02025 0.027
0 0.334125 0.7965 0.02025 0.027
0 0.577125 0.7965 0.02025 0.027
0 0.698625 0.7965 0.02025 0.027
0 0.739125 0.7965 0.02025 0.027
0 0.759375 0.7965 0.02025 0.027
0 0.982125 0.7965 0.02025 0.027
0 1.002375 0.7965 0.02025 0.027
0 0.293625 0.8235 0.02025 0.027
0 0.556875 0.8235 0.02025 0.027
0 1.002375 0.8235 0.02025 0.027
0 0.313875 0.8505 0.02025 0.027
0 0.334125 0.8505 0.02025 0.027
0 0.354375 0.8505 0.02025 0.027
0 0.374625 0.8505 0.02025 0.027
0 0.496125 0.8505 0.02025 0.027
0 0.516375 0.8505 0.02025 0.027
0 1.002375 0.8505 0.02025 0.027
0 0.556875 0.8775 0.02025 0.027
0 1.002375 0.8775 0.02025 0.027
0 0.010125 0.9045 0.02025 0.027
0 0.030375 0.9045 0.02025 0.027
0 0.091125 0.9045 0.02025 0.027
0 0.111375 0.9045 0.02025 0.027
0 0.131625 0.9045 0.02025 0.027
0 0.151875 0.9045 0.02025 0.027
0 0.232875 0.9045 0.02025 0.027
0 0.253125 0.9045 0.02025 0.027
0 0.273375 0.9045 0.02025 0.027
0 0.293625 0.9045 0.02025 0.027
0 0.313875 0.9045 0.02025 0.027
0 0.516375 0.9045 0.02025 0.027
0 0.536625 0.9045 0.02025 0.027
0 0.678375 0.9045 0.02025 0.027
0 0.840375 0.9045 0.02025 0.027
0 1.002375 0.9045 0.02025 0.027
0 0.010125 0.9315 0.02025 0.027
0 0.050625 0.9315 0.02025 0.027
0 0.070875 0.9315 0.02025 0.027
0 0.091125 0.9315 0.02025 0.027
0 0.131625 0.9315 0.02025 0.027
0 0.151875 0.9315 0.02025 0.027
0 0.212625 0.9315 0.02025 0.027
0 0.232875 0.9315 0.02025 0.027
0 0.253125 0.9315 0.02025 0.027
0 0.273375 0.9315 0.02025 0.027
0 0.293625 0.9315 0.02025 0.027
0 0.658125 0.9315 0.02025 0.027
0 0.678375 0.9315 0.02025 0.027
0 0.698625 0.9315 0.02025 0.027
0 0.739125 0.9315 0.02025 0.027
0 0.779625 0.9315 0.02025 0.027
0 0.982125 0.9315 0.02025 0.027
0 1.002375 0.9315 0.02025 0.027
0 0.131625 0.9585 0.02025 0.027
0 0.192375 0.9585 0.02025 0.027
0 0.232875 0.9585 0.02025 0.027
0 0.253125 0.9585 0.02025 0.027
0 0.273375 0.9585 0.02025 0.027
0 0.293625 0.9585 0.02025 0.027
0 0.334125 0.9585 0.02025 0.027
0 0.658125 0.9585 0.02025 0.027
0 0.718875 0.9585 0.02025 0.027
0 0.739125 0.9585 0.02025 0.027
0 0.799875 0.9585 0.02025 0.027
0 1.002375 0.9585 0.02025 0.027
0 0.111375 0.9855 0.02025 0.027
0 0.131625 0.9855 0.02025 0.027
0 0.212625 0.9855 0.02025 0.027
0 0.293625 0.9855 0.02025 0.027
0 0.313875 0.9855 0.02025 0.027
0 0.334125 0.9855 0.02025 0.027
0 0.435375 0.9855 0.02025 0.027
0 0.637875 0.9855 0.02025 0.027
0 0.718875 0.9855 0.02025 0.027
0 0.840375 0.9855 0.02025 0.027
0 0.961875 0.9855 0.02025 0.027
0 1.002375 0.9855 0.02025 0.027
0 0.010125 1.0125 0.02025 0.027
0 0.030375 1.0125 0.02025 0.027
0 0.050625 1.0125 0.02025 0.027
0 0.070875 1.0125 0.02025 0.027
0 0.091125 1.0125 0.02025 0.027
0 0.111375 1.0125 0.02025 0.027
0 0.131625 1.0125 0.02025 0.027
0 0.151875 1.0125 0.02025 0.027
0 0.172125 1.0125 0.02025 0.027
0 0.192375 1.0125 0.02025 0.027
0 0.212625 1.0125 0.02025 0.027
0 0.232875 1.0125 0.02025 0.027
0 0.253125 1.0125 0.02025 0.027
0 0.273375 1.0125 0.02025 0.027
0 0.293625 1.0125 0.02025 0.027
0 0.313875 1.0125 0.02025 0.027
0 0.334125 1.0125 0.02025 0.027
0 0.354375 1.0125 0.02025 0.027
0 0.374625 1.0125 0.02025 0.027
0 0.394875 1.0125 0.02025 0.027
0 0.415125 1.0125 0.02025 0.027
0 0.435375 1.0125 0.02025 0.027
0 0.455625 1.0125 0.02025 0.027
0 0.475875 1.0125 0.02025 0.027
0 0.496125 1.0125 0.02025 0.027
0 0.516375 1.0125 0.02025 0.027
0 0.536625 1.0125 0.02025 0.027
0 0.556875 1.0125 0.02025 0.027
0 0.577125 1.0125 0.02025 0.027
0 0.597375 1.0125 0.02025 0.027
0 0.617625 1.0125 0.02025 0.027
0 0.637875 1.0125 0.02025 0.027
0 0.658125 1.0125 0.02025 0.027
0 0.678375 1.0125 0.02025 0.027
0 0.698625 1.0125 0.02025 0.027
0 0.718875 1.0125 0.02025 0.027
0 0.739125 1.0125 0.02025 0.027
0 0.759375 1.0125 0.02025 0.027
0 0.779625 1.0125 0.02025 0.027
0 0.799875 1.0125 0.02025 0.027
0 0.820125 1.0125 0.02025 0.027
0 0.840375 1.0125 0.02025 0.027
0 0.860625 1.0125 0.02025 0.027
0 0.880875 1.0125 0.02025 0.027
0 0.901125 1.0125 0.02025 0.027
0 0.921375 1.0125 0.02025 0.027
0 0.941625 1.0125 0.02025 0.027
0 0.961875 1.0125 0.02025 0.027
0 0.982125 1.0125 0.02025 0.027
0 1.002375 1.0125 0.02025 0.027
