0 0.260125 0.0135 0.02025 0.027
0 0.270125 0.0135 0.02025 0.027
0 0.770125 0.0135 0.02025 0.027
0 0.780125 0.0135 0.02025 0.027
0 0.990125 0.0135 0.02025 0.027
0 0.260125 0.0235 0.02025 0.027
0 0.270125 0.0235 0.02025 0.027
0 0.430125 0.0235 0.02025 0.027
0 0.440125 0.0235 0.02025 0.027
0 0.700125 0.0235 0.02025 0.027
0 0.710125 0.0235 0.02025 0.027
0 0.900125 0.0235 0.02025 0.027
0 0.910125 0.0235 0.02025 0.027
0 0.260125 0.0335 0.02025 0.027
0 0.270125 0.0335 0.02025 0.027
0 0.430125 0.0335 0.02025 0.027
0 0.440125 0.0335 0.02025 0.027
0 0.450125 0.0335 0.02025 0.027
0 0.460125 0.0335 0.02025 0.027
0 0.710125 0.0335 0.02025 0.027
0 0.730125 0.0335 0.02025 0.027
0 0.750125 0.0335 0.02025 0.027
0 0.770125 0.0335 0.02025 0.027
0 0.940125 0.0335 0.02025 0.027
0 0.950125 0.0335 0.02025 0.027
0 0.260125 0.0435 0.02025 0.027
0 0.270125 0.0435 0.02025 0.027
0 0.280125 0.0435 0.02025 0.027
0 0.300125 0.0435 0.02025 0.027
0 0.400125 0.0435 0.02025 0.027
0 0.410125 0.0435 0.02025 0.027
0 0.430125 0.0435 0.02025 0.027
0 0.470125 0.0435 0.02025 0.027
0 0.700125 0.0435 0.02025 0.027
0 0.710125 0.0435 0.02025 0.027
0 0.730125 0.0435 0.02025 0.027
0 0.930125 0.0435 0.02025 0.027
0 0.260125 0.0535 0.02025 0.027
0 0.270125 0.0535 0.02025 0.027
0 0.280125 0.0535 0.02025 0.027
0 0.290125 0.0535 0.02025 0.027
0 0.350125 0.0535 0.02025 0.027
0 0.360125 0.0535 0.02025 0.027
0 0.370125 0.0535 0.02025 0.027
0 0.380125 0.0535 0.02025 0.027
0 0.390125 0.0535 0.02025 0.027
0 0.410125 0.0535 0.02025 0.027
0 0.430125 0.0535 0.02025 0.027
0 0.440125 0.0535 0.02025 0.027
0 0.460125 0.0535 0.02025 0.027
0 0.510125 0.0535 0.02025 0.027
0 0.590125 0.0535 0.02025 0.027
0 0.710125 0.0535 0.02025 0.027
0 0.720125 0.0535 0.02025 0.027
0 0.900125 0.0535 0.02025 0.027
0 0.270125 0.0635 0.02025 0.027
0 0.280125 0.0635 0.02025 0.027
0 0.290125 0.0635 0.02025 0.027
0 0.300125 0.0635 0.02025 0.027
0 0.330125 0.0635 0.02025 0.027
0 0.370125 0.0635 0.02025 0.027
0 0.380125 0.0635 0.02025 0.027
0 0.390125 0.0635 0.02025 0.027
0 0.400125 0.0635 0.02025 0.027
0 0.470125 0.0635 0.02025 0.027
0 0.490125 0.0635 0.02025 0.027
0 0.270125 0.0735 0.02025 0.027
0 0.280125 0.0735 0.02025 0.027
0 0.290125 0.0735 0.02025 0.027
0 0.300125 0.0735 0.02025 0.027
0 0.320125 0.0735 0.02025 0.027
0 0.330125 0.0735 0.02025 0.027
0 0.340125 0.0735 0.02025 0.027
0 0.370125 0.0735 0.02025 0.027
0 0.390125 0.0735 0.02025 0.027
0 0.400125 0.0735 0.02025 0.027
0 0.460125 0.0735 0.02025 0.027
0 0.470125 0.0735 0.02025 0.027
0 0.490125 0.0735 0.02025 0.027
0 0.560125 0.0735 0.02025 0.027
0 0.570125 0.0735 0.02025 0.027
0 0.690125 0.0735 0.02025 0.027
0 0.730125 0.0735 0.02025 0.027
0 0.010125 0.0835 0.02025 0.027
0 0.280125 0.0835 0.02025 0.027
0 0.290125 0.0835 0.02025 0.027
0 0.300125 0.0835 0.02025 0.027
0 0.310125 0.0835 0.02025 0.027
0 0.320125 0.0835 0.02025 0.027
0 0.330125 0.0835 0.02025 0.027
0 0.370125 0.0835 0.02025 0.027
0 0.460125 0.0835 0.02025 0.027
0 0.570125 0.0835 0.02025 0.027
0 0.670125 0.0835 0.02025 0.027
0 0.700125 0.0835 0.02025 0.027
0 0.730125 0.0835 0.02025 0.027
0 0.860125 0.0835 0.02025 0.027
0 0.290125 0.0935 0.02025 0.027
0 0.300125 0.0935 0.02025 0.027
0 0.310125 0.0935 0.02025 0.027
0 0.320125 0.0935 0.02025 0.027
0 0.330125 0.0935 0.02025 0.027
0 0.340125 0.0935 0.02025 0.027
0 0.350125 0.0935 0.02025 0.027
0 0.380125 0.0935 0.02025 0.027
0 0.680125 0.0935 0.02025 0.027
0 0.690125 0.0935 0.02025 0.027
0 0.700125 0.0935 0.02025 0.027
0 0.720125 0.0935 0.02025 0.027
0 0.730125 0.0935 0.02025 0.027
0 0.290125 0.1035 0.02025 0.027
0 0.300125 0.1035 0.02025 0.027
0 0.310125 0.1035 0.02025 0.027
0 0.320125 0.1035 0.02025 0.027
0 0.340125 0.1035 0.02025 0.027
0 0.350125 0.1035 0.02025 0.027
0 0.710125 0.1035 0.02025 0.027
0 0.720125 0.1035 0.02025 0.027
0 0.300125 0.1135 0.02025 0.027
0 0.310125 0.1135 0.02025 0.027
0 0.320125 0.1135 0.02025 0.027
0 0.330125 0.1135 0.02025 0.027
0 0.380125 0.1135 0.02025 0.027
0 0.500125 0.1135 0.02025 0.027
0 0.710125 0.1135 0.02025 0.027
0 0.720125 0.1135 0.02025 0.027
0 0.730125 0.1135 0.02025 0.027
0 0.740125 0.1135 0.02025 0.027
0 0.310125 0.1235 0.02025 0.027
0 0.320125 0.1235 0.02025 0.027
0 0.330125 0.1235 0.02025 0.027
0 0.390125 0.1235 0.02025 0.027
0 0.490125 0.1235 0.02025 0.027
0 0.710125 0.1235 0.02025 0.027
0 0.730125 0.1235 0.02025 0.027
0 0.010125 0.1335 0.02025 0.027
0 0.310125 0.1335 0.02025 0.027
0 0.320125 0.1335 0.02025 0.027
0 0.330125 0.1335 0.02025 0.027
0 0.710125 0.1335 0.02025 0.027
0 0.010125 0.1435 0.02025 0.027
0 0.310125 0.1435 0.02025 0.027
0 0.320125 0.1435 0.02025 0.027
0 0.350125 0.1435 0.02025 0.027
0 0.410125 0.1435 0.02025 0.027
0 0.510125 0.1435 0.02025 0.027
0 0.700125 0.1435 0.02025 0.027
0 0.710125 0.1435 0.02025 0.027
0 0.960125 0.1435 0.02025 0.027
0 0.970125 0.1435 0.02025 0.027
0 0.980125 0.1435 0.02025 0.027
0 0.990125 0.1435 0.02025 0.027
0 0.010125 0.1535 0.02025 0.027
0 0.310125 0.1535 0.02025 0.027
0 0.320125 0.1535 0.02025 0.027
0 0.700125 0.1535 0.02025 0.027
0 0.710125 0.1535 0.02025 0.027
0 0.910125 0.1535 0.02025 0.027
0 0.930125 0.1535 0.02025 0.027
0 0.940125 0.1535 0.02025 0.027
0 0.010125 0.1635 0.02025 0.027
0 0.020125 0.1635 0.02025 0.027
0 0.300125 0.1635 0.02025 0.027
0 0.500125 0.1635 0.02025 0.027
0 0.530125 0.1635 0.02025 0.027
0 0.540125 0.1635 0.02025 0.027
0 0.680125 0.1635 0.02025 0.027
0 0.690125 0.1635 0.02025 0.027
0 0.700125 0.1635 0.02025 0.027
0 0.710125 0.1635 0.02025 0.027
0 0.010125 0.1735 0.02025 0.027
0 0.020125 0.1735 0.02025 0.027
0 0.320125 0.1735 0.02025 0.027
0 0.380125 0.1735 0.02025 0.027
0 0.540125 0.1735 0.02025 0.027
0 0.680125 0.1735 0.02025 0.027
0 0.010125 0.1835 0.02025 0.027
0 0.020125 0.1835 0.02025 0.027
0 0.320125 0.1835 0.02025 0.027
0 0.330125 0.1835 0.02025 0.027
0 0.370125 0.1835 0.02025 0.027
0 0.380125 0.1835 0.02025 0.027
0 0.540125 0.1835 0.02025 0.027
0 0.550125 0.1835 0.02025 0.027
0 0.680125 0.1835 0.02025 0.027
0 0.690125 0.1835 0.02025 0.027
0 0.700125 0.1835 0.02025 0.027
0 0.900125 0.1835 0.02025 0.027
0 0.910125 0.1835 0.02025 0.027
0 0.920125 0.1835 0.02025 0.027
0 0.930125 0.1835 0.02025 0.027
0 0.940125 0.1835 0.02025 0.027
0 0.950125 0.1835 0.02025 0.027
0 0.960125 0.1835 0.02025 0.027
0 0.970125 0.1835 0.02025 0.027
0 0.980125 0.1835 0.02025 0.027
0 0.990125 0.1835 0.02025 0.027
0 0.010125 0.1935 0.02025 0.027
0 0.020125 0.1935 0.02025 0.027
0 0.320125 0.1935 0.02025 0.027
0 0.330125 0.1935 0.02025 0.027
0 0.360125 0.1935 0.02025 0.027
0 0.540125 0.1935 0.02025 0.027
0 0.660125 0.1935 0.02025 0.027
0 0.670125 0.1935 0.02025 0.027
0 0.690125 0.1935 0.02025 0.027
0 0.700125 0.1935 0.02025 0.027
0 0.880125 0.1935 0.02025 0.027
0 0.890125 0.1935 0.02025 0.027
0 0.900125 0.1935 0.02025 0.027
0 0.930125 0.1935 0.02025 0.027
0 0.950125 0.1935 0.02025 0.027
0 0.960125 0.1935 0.02025 0.027
0 0.970125 0.1935 0.02025 0.027
0 0.980125 0.1935 0.02025 0.027
0 0.990125 0.1935 0.02025 0.027
0 0.010125 0.2035 0.02025 0.027
0 0.020125 0.2035 0.02025 0.027
0 0.030125 0.2035 0.02025 0.027
0 0.320125 0.2035 0.02025 0.027
0 0.330125 0.2035 0.02025 0.027
0 0.390125 0.2035 0.02025 0.027
0 0.520125 0.2035 0.02025 0.027
0 0.840125 0.2035 0.02025 0.027
0 0.850125 0.2035 0.02025 0.027
0 0.860125 0.2035 0.02025 0.027
0 0.880125 0.2035 0.02025 0.027
0 0.970125 0.2035 0.02025 0.027
0 0.980125 0.2035 0.02025 0.027
0 0.990125 0.2035 0.02025 0.027
0 0.010125 0.2135 0.02025 0.027
0 0.020125 0.2135 0.02025 0.027
0 0.030125 0.2135 0.02025 0.027
0 0.040125 0.2135 0.02025 0.027
0 0.320125 0.2135 0.02025 0.027
0 0.330125 0.2135 0.02025 0.027
0 0.830125 0.2135 0.02025 0.027
0 0.840125 0.2135 0.02025 0.027
0 0.910125 0.2135 0.02025 0.027
0 0.970125 0.2135 0.02025 0.027
0 0.980125 0.2135 0.02025 0.027
0 0.990125 0.2135 0.02025 0.027
0 0.010125 0.2235 0.02025 0.027
0 0.020125 0.2235 0.02025 0.027
0 0.030125 0.2235 0.02025 0.027
0 0.040125 0.2235 0.02025 0.027
0 0.310125 0.2235 0.02025 0.027
0 0.320125 0.2235 0.02025 0.027
0 0.330125 0.2235 0.02025 0.027
0 0.340125 0.2235 0.02025 0.027
0 0.510125 0.2235 0.02025 0.027
0 0.830125 0.2235 0.02025 0.027
0 0.910125 0.2235 0.02025 0.027
0 0.970125 0.2235 0.02025 0.027
0 0.980125 0.2235 0.02025 0.027
0 0.990125 0.2235 0.02025 0.027
0 0.010125 0.2335 0.02025 0.027
0 0.020125 0.2335 0.02025 0.027
0 0.030125 0.2335 0.02025 0.027
0 0.040125 0.2335 0.02025 0.027
0 0.300125 0.2335 0.02025 0.027
0 0.310125 0.2335 0.02025 0.027
0 0.320125 0.2335 0.02025 0.027
0 0.820125 0.2335 0.02025 0.027
0 0.830125 0.2335 0.02025 0.027
0 0.850125 0.2335 0.02025 0.027
0 0.900125 0.2335 0.02025 0.027
0 0.940125 0.2335 0.02025 0.027
0 0.980125 0.2335 0.02025 0.027
0 0.990125 0.2335 0.02025 0.027
0 0.010125 0.2435 0.02025 0.027
0 0.020125 0.2435 0.02025 0.027
0 0.030125 0.2435 0.02025 0.027
0 0.040125 0.2435 0.02025 0.027
0 0.300125 0.2435 0.02025 0.027
0 0.310125 0.2435 0.02025 0.027
0 0.320125 0.2435 0.02025 0.027
0 0.330125 0.2435 0.02025 0.027
0 0.430125 0.2435 0.02025 0.027
0 0.820125 0.2435 0.02025 0.027
0 0.830125 0.2435 0.02025 0.027
0 0.870125 0.2435 0.02025 0.027
0 0.900125 0.2435 0.02025 0.027
0 0.910125 0.2435 0.02025 0.027
0 0.980125 0.2435 0.02025 0.027
0 0.990125 0.2435 0.02025 0.027
0 0.010125 0.2535 0.02025 0.027
0 0.020125 0.2535 0.02025 0.027
0 0.030125 0.2535 0.02025 0.027
0 0.040125 0.2535 0.02025 0.027
0 0.300125 0.2535 0.02025 0.027
0 0.310125 0.2535 0.02025 0.027
0 0.320125 0.2535 0.02025 0.027
0 0.330125 0.2535 0.02025 0.027
0 0.340125 0.2535 0.02025 0.027
0 0.420125 0.2535 0.02025 0.027
0 0.780125 0.2535 0.02025 0.027
0 0.830125 0.2535 0.02025 0.027
0 0.980125 0.2535 0.02025 0.027
0 0.990125 0.2535 0.02025 0.027
0 0.010125 0.2635 0.02025 0.027
0 0.020125 0.2635 0.02025 0.027
0 0.030125 0.2635 0.02025 0.027
0 0.040125 0.2635 0.02025 0.027
0 0.300125 0.2635 0.02025 0.027
0 0.310125 0.2635 0.02025 0.027
0 0.320125 0.2635 0.02025 0.027
0 0.420125 0.2635 0.02025 0.027
0 0.850125 0.2635 0.02025 0.027
0 0.880125 0.2635 0.02025 0.027
0 0.940125 0.2635 0.02025 0.027
0 0.980125 0.2635 0.02025 0.027
0 0.990125 0.2635 0.02025 0.027
0 0.010125 0.2735 0.02025 0.027
0 0.020125 0.2735 0.02025 0.027
0 0.030125 0.2735 0.02025 0.027
0 0.040125 0.2735 0.02025 0.027
0 0.050125 0.2735 0.02025 0.027
0 0.290125 0.2735 0.02025 0.027
0 0.300125 0.2735 0.02025 0.027
0 0.310125 0.2735 0.02025 0.027
0 0.870125 0.2735 0.02025 0.027
0 0.940125 0.2735 0.02025 0.027
0 0.980125 0.2735 0.02025 0.027
0 0.010125 0.2835 0.02025 0.027
0 0.020125 0.2835 0.02025 0.027
0 0.030125 0.2835 0.02025 0.027
0 0.040125 0.2835 0.02025 0.027
0 0.050125 0.2835 0.02025 0.027
0 0.060125 0.2835 0.02025 0.027
0 0.270125 0.2835 0.02025 0.027
0 0.280125 0.2835 0.02025 0.027
0 0.290125 0.2835 0.02025 0.027
0 0.310125 0.2835 0.02025 0.027
0 0.320125 0.2835 0.02025 0.027
0 0.430125 0.2835 0.02025 0.027
0 0.770125 0.2835 0.02025 0.027
0 0.890125 0.2835 0.02025 0.027
0 0.900125 0.2835 0.02025 0.027
0 0.920125 0.2835 0.02025 0.027
0 0.990125 0.2835 0.02025 0.027
0 0.010125 0.2935 0.02025 0.027
0 0.020125 0.2935 0.02025 0.027
0 0.030125 0.2935 0.02025 0.027
0 0.040125 0.2935 0.02025 0.027
0 0.050125 0.2935 0.02025 0.027
0 0.060125 0.2935 0.02025 0.027
0 0.070125 0.2935 0.02025 0.027
0 0.080125 0.2935 0.02025 0.027
0 0.270125 0.2935 0.02025 0.027
0 0.280125 0.2935 0.02025 0.027
0 0.690125 0.2935 0.02025 0.027
0 0.740125 0.2935 0.02025 0.027
0 0.770125 0.2935 0.02025 0.027
0 0.880125 0.2935 0.02025 0.027
0 0.890125 0.2935 0.02025 0.027
0 0.990125 0.2935 0.02025 0.027
0 0.010125 0.3035 0.02025 0.027
0 0.020125 0.3035 0.02025 0.027
0 0.030125 0.3035 0.02025 0.027
0 0.040125 0.3035 0.02025 0.027
0 0.050125 0.3035 0.02025 0.027
0 0.060125 0.3035 0.02025 0.027
0 0.070125 0.3035 0.02025 0.027
0 0.080125 0.3035 0.02025 0.027
0 0.250125 0.3035 0.02025 0.027
0 0.260125 0.3035 0.02025 0.027
0 0.410125 0.3035 0.02025 0.027
0 0.690125 0.3035 0.02025 0.027
0 0.700125 0.3035 0.02025 0.027
0 0.870125 0.3035 0.02025 0.027
0 0.990125 0.3035 0.02025 0.027
0 0.010125 0.3135 0.02025 0.027
0 0.020125 0.3135 0.02025 0.027
0 0.030125 0.3135 0.02025 0.027
0 0.040125 0.3135 0.02025 0.027
0 0.050125 0.3135 0.02025 0.027
0 0.060125 0.3135 0.02025 0.027
0 0.070125 0.3135 0.02025 0.027
0 0.080125 0.3135 0.02025 0.027
0 0.090125 0.3135 0.02025 0.027
0 0.100125 0.3135 0.02025 0.027
0 0.220125 0.3135 0.02025 0.027
0 0.230125 0.3135 0.02025 0.027
0 0.240125 0.3135 0.02025 0.027
0 0.250125 0.3135 0.02025 0.027
0 0.260125 0.3135 0.02025 0.027
0 0.270125 0.3135 0.02025 0.027
0 0.410125 0.3135 0.02025 0.027
0 0.720125 0.3135 0.02025 0.027
0 0.730125 0.3135 0.02025 0.027
0 0.990125 0.3135 0.02025 0.027
0 0.010125 0.3235 0.02025 0.027
0 0.020125 0.3235 0.02025 0.027
0 0.030125 0.3235 0.02025 0.027
0 0.040125 0.3235 0.02025 0.027
0 0.050125 0.3235 0.02025 0.027
0 0.060125 0.3235 0.02025 0.027
0 0.070125 0.3235 0.02025 0.027
0 0.080125 0.3235 0.02025 0.027
0 0.090125 0.3235 0.02025 0.027
0 0.100125 0.3235 0.02025 0.027
0 0.110125 0.3235 0.02025 0.027
0 0.220125 0.3235 0.02025 0.027
0 0.230125 0.3235 0.02025 0.027
0 0.240125 0.3235 0.02025 0.027
0 0.250125 0.3235 0.02025 0.027
0 0.260125 0.3235 0.02025 0.027
0 0.270125 0.3235 0.02025 0.027
0 0.710125 0.3235 0.02025 0.027
0 0.720125 0.3235 0.02025 0.027
0 0.730125 0.3235 0.02025 0.027
0 0.780125 0.3235 0.02025 0.027
0 0.990125 0.3235 0.02025 0.027
0 0.010125 0.3335 0.02025 0.027
0 0.020125 0.3335 0.02025 0.027
0 0.030125 0.3335 0.02025 0.027
0 0.040125 0.3335 0.02025 0.027
0 0.050125 0.3335 0.02025 0.027
0 0.060125 0.3335 0.02025 0.027
0 0.070125 0.3335 0.02025 0.027
0 0.080125 0.3335 0.02025 0.027
0 0.090125 0.3335 0.02025 0.027
0 0.100125 0.3335 0.02025 0.027
0 0.110125 0.3335 0.02025 0.027
0 0.210125 0.3335 0.02025 0.027
0 0.220125 0.3335 0.02025 0.027
0 0.230125 0.3335 0.02025 0.027
0 0.240125 0.3335 0.02025 0.027
0 0.250125 0.3335 0.02025 0.027
0 0.260125 0.3335 0.02025 0.027
0 0.350125 0.3335 0.02025 0.027
0 0.510125 0.3335 0.02025 0.027
0 0.870125 0.3335 0.02025 0.027
0 0.010125 0.3435 0.02025 0.027
0 0.020125 0.3435 0.02025 0.027
0 0.030125 0.3435 0.02025 0.027
0 0.040125 0.3435 0.02025 0.027
0 0.050125 0.3435 0.02025 0.027
0 0.060125 0.3435 0.02025 0.027
0 0.070125 0.3435 0.02025 0.027
0 0.080125 0.3435 0.02025 0.027
0 0.090125 0.3435 0.02025 0.027
0 0.210125 0.3435 0.02025 0.027
0 0.220125 0.3435 0.02025 0.027
0 0.230125 0.3435 0.02025 0.027
0 0.240125 0.3435 0.02025 0.027
0 0.360125 0.3435 0.02025 0.027
0 0.890125 0.3435 0.02025 0.027
0 0.900125 0.3435 0.02025 0.027
0 0.010125 0.3535 0.02025 0.027
0 0.020125 0.3535 0.02025 0.027
0 0.030125 0.3535 0.02025 0.027
0 0.040125 0.3535 0.02025 0.027
0 0.050125 0.3535 0.02025 0.027
0 0.060125 0.3535 0.02025 0.027
0 0.070125 0.3535 0.02025 0.027
0 0.080125 0.3535 0.02025 0.027
0 0.090125 0.3535 0.02025 0.027
0 0.200125 0.3535 0.02025 0.027
0 0.210125 0.3535 0.02025 0.027
0 0.220125 0.3535 0.02025 0.027
0 0.230125 0.3535 0.02025 0.027
0 0.240125 0.3535 0.02025 0.027
0 0.680125 0.3535 0.02025 0.027
0 0.740125 0.3535 0.02025 0.027
0 0.900125 0.3535 0.02025 0.027
0 0.010125 0.3635 0.02025 0.027
0 0.020125 0.3635 0.02025 0.027
0 0.030125 0.3635 0.02025 0.027
0 0.040125 0.3635 0.02025 0.027
0 0.050125 0.3635 0.02025 0.027
0 0.060125 0.3635 0.02025 0.027
0 0.070125 0.3635 0.02025 0.027
0 0.080125 0.3635 0.02025 0.027
0 0.190125 0.3635 0.02025 0.027
0 0.200125 0.3635 0.02025 0.027
0 0.210125 0.3635 0.02025 0.027
0 0.220125 0.3635 0.02025 0.027
0 0.230125 0.3635 0.02025 0.027
0 0.240125 0.3635 0.02025 0.027
0 0.370125 0.3635 0.02025 0.027
0 0.460125 0.3635 0.02025 0.027
0 0.710125 0.3635 0.02025 0.027
0 0.810125 0.3635 0.02025 0.027
0 0.900125 0.3635 0.02025 0.027
0 0.980125 0.3635 0.02025 0.027
0 0.010125 0.3735 0.02025 0.027
0 0.020125 0.3735 0.02025 0.027
0 0.030125 0.3735 0.02025 0.027
0 0.040125 0.3735 0.02025 0.027
0 0.050125 0.3735 0.02025 0.027
0 0.060125 0.3735 0.02025 0.027
0 0.070125 0.3735 0.02025 0.027
0 0.080125 0.3735 0.02025 0.027
0 0.180125 0.3735 0.02025 0.027
0 0.190125 0.3735 0.02025 0.027
0 0.200125 0.3735 0.02025 0.027
0 0.220125 0.3735 0.02025 0.027
0 0.240125 0.3735 0.02025 0.027
0 0.460125 0.3735 0.02025 0.027
0 0.710125 0.3735 0.02025 0.027
0 0.830125 0.3735 0.02025 0.027
0 0.970125 0.3735 0.02025 0.027
0 0.010125 0.3835 0.02025 0.027
0 0.020125 0.3835 0.02025 0.027
0 0.030125 0.3835 0.02025 0.027
0 0.040125 0.3835 0.02025 0.027
0 0.050125 0.3835 0.02025 0.027
0 0.060125 0.3835 0.02025 0.027
0 0.070125 0.3835 0.02025 0.027
0 0.080125 0.3835 0.02025 0.027
0 0.190125 0.3835 0.02025 0.027
0 0.200125 0.3835 0.02025 0.027
0 0.240125 0.3835 0.02025 0.027
0 0.250125 0.3835 0.02025 0.027
0 0.390125 0.3835 0.02025 0.027
0 0.450125 0.3835 0.02025 0.027
0 0.460125 0.3835 0.02025 0.027
0 0.630125 0.3835 0.02025 0.027
0 0.710125 0.3835 0.02025 0.027
0 0.860125 0.3835 0.02025 0.027
0 0.990125 0.3835 0.02025 0.027
0 0.010125 0.3935 0.02025 0.027
0 0.020125 0.3935 0.02025 0.027
0 0.030125 0.3935 0.02025 0.027
0 0.230125 0.3935 0.02025 0.027
0 0.240125 0.3935 0.02025 0.027
0 0.390125 0.3935 0.02025 0.027
0 0.420125 0.3935 0.02025 0.027
0 0.500125 0.3935 0.02025 0.027
0 0.820125 0.3935 0.02025 0.027
0 0.860125 0.3935 0.02025 0.027
0 0.010125 0.4035 0.02025 0.027
0 0.020125 0.4035 0.02025 0.027
0 0.030125 0.4035 0.02025 0.027
0 0.170125 0.4035 0.02025 0.027
0 0.230125 0.4035 0.02025 0.027
0 0.240125 0.4035 0.02025 0.027
0 0.390125 0.4035 0.02025 0.027
0 0.420125 0.4035 0.02025 0.027
0 0.440125 0.4035 0.02025 0.027
0 0.660125 0.4035 0.02025 0.027
0 0.860125 0.4035 0.02025 0.027
0 0.880125 0.4035 0.02025 0.027
0 0.930125 0.4035 0.02025 0.027
0 0.010125 0.4135 0.02025 0.027
0 0.020125 0.4135 0.02025 0.027
0 0.150125 0.4135 0.02025 0.027
0 0.230125 0.4135 0.02025 0.027
0 0.250125 0.4135 0.02025 0.027
0 0.390125 0.4135 0.02025 0.027
0 0.420125 0.4135 0.02025 0.027
0 0.640125 0.4135 0.02025 0.027
0 0.780125 0.4135 0.02025 0.027
0 0.790125 0.4135 0.02025 0.027
0 0.850125 0.4135 0.02025 0.027
0 0.900125 0.4135 0.02025 0.027
0 0.970125 0.4135 0.02025 0.027
0 0.010125 0.4235 0.02025 0.027
0 0.020125 0.4235 0.02025 0.027
0 0.420125 0.4235 0.02025 0.027
0 0.800125 0.4235 0.02025 0.027
0 0.820125 0.4235 0.02025 0.027
0 0.830125 0.4235 0.02025 0.027
0 0.850125 0.4235 0.02025 0.027
0 0.950125 0.4235 0.02025 0.027
0 0.010125 0.4335 0.02025 0.027
0 0.020125 0.4335 0.02025 0.027
0 0.250125 0.4335 0.02025 0.027
0 0.260125 0.4335 0.02025 0.027
0 0.410125 0.4335 0.02025 0.027
0 0.490125 0.4335 0.02025 0.027
0 0.830125 0.4335 0.02025 0.027
0 0.870125 0.4335 0.02025 0.027
0 0.910125 0.4335 0.02025 0.027
0 0.930125 0.4335 0.02025 0.027
0 0.110125 0.4435 0.02025 0.027
0 0.240125 0.4435 0.02025 0.027
0 0.410125 0.4435 0.02025 0.027
0 0.450125 0.4435 0.02025 0.027
0 0.810125 0.4435 0.02025 0.027
0 0.820125 0.4435 0.02025 0.027
0 0.110125 0.4535 0.02025 0.027
0 0.910125 0.4535 0.02025 0.027
0 0.970125 0.4535 0.02025 0.027
0 0.420125 0.4635 0.02025 0.027
0 0.820125 0.4635 0.02025 0.027
0 0.870125 0.4635 0.02025 0.027
0 0.900125 0.4635 0.02025 0.027
0 0.950125 0.4635 0.02025 0.027
0 0.350125 0.4735 0.02025 0.027
0 0.830125 0.4735 0.02025 0.027
0 0.840125 0.4735 0.02025 0.027
0 0.960125 0.4735 0.02025 0.027
0 0.360125 0.4835 0.02025 0.027
0 0.700125 0.4835 0.02025 0.027
0 0.360125 0.4935 0.02025 0.027
0 0.380125 0.4935 0.02025 0.027
0 0.850125 0.4935 0.02025 0.027
0 0.860125 0.4935 0.02025 0.027
0 0.360125 0.5035 0.02025 0.027
0 0.930125 0.5035 0.02025 0.027
0 0.270125 0.5135 0.02025 0.027
0 0.860125 0.5135 0.02025 0.027
0 0.960125 0.5135 0.02025 0.027
0 0.270125 0.5235 0.02025 0.027
0 0.560125 0.5235 0.02025 0.027
0 0.970125 0.5235 0.02025 0.027
0 0.050125 0.5335 0.02025 0.027
0 0.270125 0.5335 0.02025 0.027
0 0.920125 0.5335 0.02025 0.027
0 0.970125 0.5335 0.02025 0.027
0 0.270125 0.5435 0.02025 0.027
0 0.290125 0.5435 0.02025 0.027
0 0.360125 0.5435 0.02025 0.027
0 0.550125 0.5435 0.02025 0.027
0 0.950125 0.5435 0.02025 0.027
0 0.980125 0.5435 0.02025 0.027
0 0.240125 0.5535 0.02025 0.027
0 0.260125 0.5535 0.02025 0.027
0 0.270125 0.5535 0.02025 0.027
0 0.360125 0.5535 0.02025 0.027
0 0.390125 0.5535 0.02025 0.027
0 0.950125 0.5535 0.02025 0.027
0 0.130125 0.5635 0.02025 0.027
0 0.240125 0.5635 0.02025 0.027
0 0.250125 0.5635 0.02025 0.027
0 0.260125 0.5635 0.02025 0.027
0 0.360125 0.5635 0.02025 0.027
0 0.950125 0.5635 0.02025 0.027
0 0.110125 0.5735 0.02025 0.027
0 0.120125 0.5735 0.02025 0.027
0 0.130125 0.5735 0.02025 0.027
0 0.140125 0.5735 0.02025 0.027
0 0.150125 0.5735 0.02025 0.027
0 0.170125 0.5735 0.02025 0.027
0 0.180125 0.5735 0.02025 0.027
0 0.230125 0.5735 0.02025 0.027
0 0.240125 0.5735 0.02025 0.027
0 0.250125 0.5735 0.02025 0.027
0 0.260125 0.5735 0.02025 0.027
0 0.350125 0.5735 0.02025 0.027
0 0.930125 0.5735 0.02025 0.027
0 0.120125 0.5835 0.02025 0.027
0 0.130125 0.5835 0.02025 0.027
0 0.140125 0.5835 0.02025 0.027
0 0.150125 0.5835 0.02025 0.027
0 0.160125 0.5835 0.02025 0.027
0 0.170125 0.5835 0.02025 0.027
0 0.180125 0.5835 0.02025 0.027
0 0.190125 0.5835 0.02025 0.027
0 0.220125 0.5835 0.02025 0.027
0 0.230125 0.5835 0.02025 0.027
0 0.240125 0.5835 0.02025 0.027
0 0.250125 0.5835 0.02025 0.027
0 0.350125 0.5835 0.02025 0.027
0 0.410125 0.5835 0.02025 0.027
0 0.120125 0.5935 0.02025 0.027
0 0.130125 0.5935 0.02025 0.027
0 0.140125 0.5935 0.02025 0.027
0 0.150125 0.5935 0.02025 0.027
0 0.160125 0.5935 0.02025 0.027
0 0.170125 0.5935 0.02025 0.027
0 0.180125 0.5935 0.02025 0.027
0 0.190125 0.5935 0.02025 0.027
0 0.200125 0.5935 0.02025 0.027
0 0.210125 0.5935 0.02025 0.027
0 0.220125 0.5935 0.02025 0.027
0 0.230125 0.5935 0.02025 0.027
0 0.240125 0.5935 0.02025 0.027
0 0.250125 0.5935 0.02025 0.027
0 0.350125 0.5935 0.02025 0.027
0 0.550125 0.5935 0.02025 0.027
0 0.080125 0.6035 0.02025 0.027
0 0.120125 0.6035 0.02025 0.027
0 0.130125 0.6035 0.02025 0.027
0 0.140125 0.6035 0.02025 0.027
0 0.150125 0.6035 0.02025 0.027
0 0.160125 0.6035 0.02025 0.027
0 0.170125 0.6035 0.02025 0.027
0 0.180125 0.6035 0.02025 0.027
0 0.190125 0.6035 0.02025 0.027
0 0.200125 0.6035 0.02025 0.027
0 0.210125 0.6035 0.02025 0.027
0 0.220125 0.6035 0.02025 0.027
0 0.230125 0.6035 0.02025 0.027
0 0.240125 0.6035 0.02025 0.027
0 0.250125 0.6035 0.02025 0.027
0 0.260125 0.6035 0.02025 0.027
0 0.350125 0.6035 0.02025 0.027
0 0.070125 0.6135 0.02025 0.027
0 0.080125 0.6135 0.02025 0.027
0 0.120125 0.6135 0.02025 0.027
0 0.130125 0.6135 0.02025 0.027
0 0.140125 0.6135 0.02025 0.027
0 0.150125 0.6135 0.02025 0.027
0 0.160125 0.6135 0.02025 0.027
0 0.170125 0.6135 0.02025 0.027
0 0.180125 0.6135 0.02025 0.027
0 0.190125 0.6135 0.02025 0.027
0 0.200125 0.6135 0.02025 0.027
0 0.210125 0.6135 0.02025 0.027
0 0.220125 0.6135 0.02025 0.027
0 0.230125 0.6135 0.02025 0.027
0 0.240125 0.6135 0.02025 0.027
0 0.250125 0.6135 0.02025 0.027
0 0.260125 0.6135 0.02025 0.027
0 0.270125 0.6135 0.02025 0.027
0 0.340125 0.6135 0.02025 0.027
0 0.060125 0.6235 0.02025 0.027
0 0.070125 0.6235 0.02025 0.027
0 0.080125 0.6235 0.02025 0.027
0 0.130125 0.6235 0.02025 0.027
0 0.140125 0.6235 0.02025 0.027
0 0.150125 0.6235 0.02025 0.027
0 0.160125 0.6235 0.02025 0.027
0 0.170125 0.6235 0.02025 0.027
0 0.180125 0.6235 0.02025 0.027
0 0.200125 0.6235 0.02025 0.027
0 0.210125 0.6235 0.02025 0.027
0 0.220125 0.6235 0.02025 0.027
0 0.230125 0.6235 0.02025 0.027
0 0.240125 0.6235 0.02025 0.027
0 0.250125 0.6235 0.02025 0.027
0 0.260125 0.6235 0.02025 0.027
0 0.270125 0.6235 0.02025 0.027
0 0.340125 0.6235 0.02025 0.027
0 0.350125 0.6235 0.02025 0.027
0 0.080125 0.6335 0.02025 0.027
0 0.130125 0.6335 0.02025 0.027
0 0.140125 0.6335 0.02025 0.027
0 0.150125 0.6335 0.02025 0.027
0 0.160125 0.6335 0.02025 0.027
0 0.170125 0.6335 0.02025 0.027
0 0.200125 0.6335 0.02025 0.027
0 0.210125 0.6335 0.02025 0.027
0 0.220125 0.6335 0.02025 0.027
0 0.230125 0.6335 0.02025 0.027
0 0.240125 0.6335 0.02025 0.027
0 0.250125 0.6335 0.02025 0.027
0 0.260125 0.6335 0.02025 0.027
0 0.270125 0.6335 0.02025 0.027
0 0.280125 0.6335 0.02025 0.027
0 0.340125 0.6335 0.02025 0.027
0 0.120125 0.6435 0.02025 0.027
0 0.130125 0.6435 0.02025 0.027
0 0.140125 0.6435 0.02025 0.027
0 0.150125 0.6435 0.02025 0.027
0 0.160125 0.6435 0.02025 0.027
0 0.170125 0.6435 0.02025 0.027
0 0.180125 0.6435 0.02025 0.027
0 0.200125 0.6435 0.02025 0.027
0 0.210125 0.6435 0.02025 0.027
0 0.220125 0.6435 0.02025 0.027
0 0.230125 0.6435 0.02025 0.027
0 0.240125 0.6435 0.02025 0.027
0 0.250125 0.6435 0.02025 0.027
0 0.260125 0.6435 0.02025 0.027
0 0.270125 0.6435 0.02025 0.027
0 0.280125 0.6435 0.02025 0.027
0 0.340125 0.6435 0.02025 0.027
0 0.350125 0.6435 0.02025 0.027
0 0.920125 0.6435 0.02025 0.027
0 0.940125 0.6435 0.02025 0.027
0 0.030125 0.6535 0.02025 0.027
0 0.040125 0.6535 0.02025 0.027
0 0.090125 0.6535 0.02025 0.027
0 0.100125 0.6535 0.02025 0.027
0 0.110125 0.6535 0.02025 0.027
0 0.120125 0.6535 0.02025 0.027
0 0.200125 0.6535 0.02025 0.027
0 0.210125 0.6535 0.02025 0.027
0 0.240125 0.6535 0.02025 0.027
0 0.250125 0.6535 0.02025 0.027
0 0.260125 0.6535 0.02025 0.027
0 0.270125 0.6535 0.02025 0.027
0 0.280125 0.6535 0.02025 0.027
0 0.290125 0.6535 0.02025 0.027
0 0.330125 0.6535 0.02025 0.027
0 0.340125 0.6535 0.02025 0.027
0 0.350125 0.6535 0.02025 0.027
0 0.920125 0.6535 0.02025 0.027
0 0.090125 0.6635 0.02025 0.027
0 0.100125 0.6635 0.02025 0.027
0 0.110125 0.6635 0.02025 0.027
0 0.180125 0.6635 0.02025 0.027
0 0.190125 0.6635 0.02025 0.027
0 0.220125 0.6635 0.02025 0.027
0 0.240125 0.6635 0.02025 0.027
0 0.250125 0.6635 0.02025 0.027
0 0.260125 0.6635 0.02025 0.027
0 0.270125 0.6635 0.02025 0.027
0 0.280125 0.6635 0.02025 0.027
0 0.290125 0.6635 0.02025 0.027
0 0.330125 0.6635 0.02025 0.027
0 0.340125 0.6635 0.02025 0.027
0 0.350125 0.6635 0.02025 0.027
0 0.550125 0.6635 0.02025 0.027
0 0.870125 0.6635 0.02025 0.027
0 0.930125 0.6635 0.02025 0.027
0 0.990125 0.6635 0.02025 0.027
0 0.080125 0.6735 0.02025 0.027
0 0.090125 0.6735 0.02025 0.027
0 0.100125 0.6735 0.02025 0.027
0 0.210125 0.6735 0.02025 0.027
0 0.220125 0.6735 0.02025 0.027
0 0.230125 0.6735 0.02025 0.027
0 0.240125 0.6735 0.02025 0.027
0 0.250125 0.6735 0.02025 0.027
0 0.260125 0.6735 0.02025 0.027
0 0.270125 0.6735 0.02025 0.027
0 0.280125 0.6735 0.02025 0.027
0 0.290125 0.6735 0.02025 0.027
0 0.300125 0.6735 0.02025 0.027
0 0.310125 0.6735 0.02025 0.027
0 0.320125 0.6735 0.02025 0.027
0 0.330125 0.6735 0.02025 0.027
0 0.340125 0.6735 0.02025 0.027
0 0.350125 0.6735 0.02025 0.027
0 0.990125 0.6735 0.02025 0.027
0 0.040125 0.6835 0.02025 0.027
0 0.080125 0.6835 0.02025 0.027
0 0.090125 0.6835 0.02025 0.027
0 0.100125 0.6835 0.02025 0.027
0 0.170125 0.6835 0.02025 0.027
0 0.210125 0.6835 0.02025 0.027
0 0.220125 0.6835 0.02025 0.027
0 0.230125 0.6835 0.02025 0.027
0 0.240125 0.6835 0.02025 0.027
0 0.250125 0.6835 0.02025 0.027
0 0.260125 0.6835 0.02025 0.027
0 0.270125 0.6835 0.02025 0.027
0 0.280125 0.6835 0.02025 0.027
0 0.290125 0.6835 0.02025 0.027
0 0.300125 0.6835 0.02025 0.027
0 0.320125 0.6835 0.02025 0.027
0 0.330125 0.6835 0.02025 0.027
0 0.340125 0.6835 0.02025 0.027
0 0.350125 0.6835 0.02025 0.027
0 0.590125 0.6835 0.02025 0.027
0 0.880125 0.6835 0.02025 0.027
0 0.890125 0.6835 0.02025 0.027
0 0.900125 0.6835 0.02025 0.027
0 0.990125 0.6835 0.02025 0.027
0 0.170125 0.6935 0.02025 0.027
0 0.180125 0.6935 0.02025 0.027
0 0.210125 0.6935 0.02025 0.027
0 0.220125 0.6935 0.02025 0.027
0 0.240125 0.6935 0.02025 0.027
0 0.250125 0.6935 0.02025 0.027
0 0.260125 0.6935 0.02025 0.027
0 0.270125 0.6935 0.02025 0.027
0 0.280125 0.6935 0.02025 0.027
0 0.290125 0.6935 0.02025 0.027
0 0.330125 0.6935 0.02025 0.027
0 0.340125 0.6935 0.02025 0.027
0 0.880125 0.6935 0.02025 0.027
0 0.890125 0.6935 0.02025 0.027
0 0.920125 0.6935 0.02025 0.027
0 0.990125 0.6935 0.02025 0.027
0 0.070125 0.7035 0.02025 0.027
0 0.080125 0.7035 0.02025 0.027
0 0.170125 0.7035 0.02025 0.027
0 0.180125 0.7035 0.02025 0.027
0 0.270125 0.7035 0.02025 0.027
0 0.280125 0.7035 0.02025 0.027
0 0.930125 0.7035 0.02025 0.027
0 0.170125 0.7135 0.02025 0.027
0 0.180125 0.7135 0.02025 0.027
0 0.270125 0.7135 0.02025 0.027
0 0.920125 0.7135 0.02025 0.027
0 0.170125 0.7235 0.02025 0.027
0 0.180125 0.7235 0.02025 0.027
0 0.270125 0.7235 0.02025 0.027
0 0.570125 0.7235 0.02025 0.027
0 0.930125 0.7235 0.02025 0.027
0 0.940125 0.7235 0.02025 0.027
0 0.170125 0.7335 0.02025 0.027
0 0.180125 0.7335 0.02025 0.027
0 0.570125 0.7335 0.02025 0.027
0 0.940125 0.7335 0.02025 0.027
0 0.180125 0.7435 0.02025 0.027
0 0.550125 0.7435 0.02025 0.027
0 0.950125 0.7435 0.02025 0.027
0 0.070125 0.7535 0.02025 0.027
0 0.900125 0.7535 0.02025 0.027
0 0.060125 0.7635 0.02025 0.027
0 0.510125 0.7735 0.02025 0.027
0 0.560125 0.7735 0.02025 0.027
0 0.140125 0.7835 0.02025 0.027
0 0.190125 0.7835 0.02025 0.027
0 0.250125 0.7835 0.02025 0.027
0 0.510125 0.7835 0.02025 0.027
0 0.590125 0.7835 0.02025 0.027
0 0.130125 0.7935 0.02025 0.027
0 0.240125 0.7935 0.02025 0.027
0 0.250125 0.7935 0.02025 0.027
0 0.510125 0.7935 0.02025 0.027
0 0.180125 0.8035 0.02025 0.027
0 0.240125 0.8035 0.02025 0.027
0 0.250125 0.8035 0.02025 0.027
0 0.260125 0.8035 0.02025 0.027
0 0.270125 0.8035 0.02025 0.027
0 0.280125 0.8035 0.02025 0.027
0 0.530125 0.8035 0.02025 0.027
0 0.240125 0.8135 0.02025 0.027
0 0.250125 0.8135 0.02025 0.027
0 0.260125 0.8135 0.02025 0.027
0 0.270125 0.8135 0.02025 0.027
0 0.280125 0.8135 0.02025 0.027
0 0.290125 0.8135 0.02025 0.027
0 0.300125 0.8135 0.02025 0.027
0 0.310125 0.8135 0.02025 0.027
0 0.330125 0.8135 0.02025 0.027
0 0.340125 0.8135 0.02025 0.027
0 0.780125 0.8135 0.02025 0.027
0 0.250125 0.8235 0.02025 0.027
0 0.280125 0.8235 0.02025 0.027
0 0.290125 0.8235 0.02025 0.027
0 0.300125 0.8235 0.02025 0.027
0 0.310125 0.8235 0.02025 0.027
0 0.320125 0.8235 0.02025 0.027
0 0.340125 0.8235 0.02025 0.027
0 0.570125 0.8235 0.02025 0.027
0 0.790125 0.8235 0.02025 0.027
0 0.280125 0.8335 0.02025 0.027
0 0.290125 0.8335 0.02025 0.027
0 0.300125 0.8335 0.02025 0.027
0 0.310125 0.8335 0.02025 0.027
0 0.320125 0.8335 0.02025 0.027
0 0.790125 0.8335 0.02025 0.027
0 0.280125 0.8435 0.02025 0.027
0 0.290125 0.8435 0.02025 0.027
0 0.300125 0.8435 0.02025 0.027
0 0.310125 0.8435 0.02025 0.027
0 0.790125 0.8435 0.02025 0.027
0 0.010125 0.8535 0.02025 0.027
0 0.280125 0.8535 0.02025 0.027
0 0.290125 0.8535 0.02025 0.027
0 0.300125 0.8535 0.02025 0.027
0 0.310125 0.8535 0.02025 0.027
0 0.690125 0.8535 0.02025 0.027
0 0.700125 0.8535 0.02025 0.027
0 0.790125 0.8535 0.02025 0.027
0 0.280125 0.8635 0.02025 0.027
0 0.290125 0.8635 0.02025 0.027
0 0.300125 0.8635 0.02025 0.027
0 0.530125 0.8635 0.02025 0.027
0 0.680125 0.8635 0.02025 0.027
0 0.010125 0.8735 0.02025 0.027
0 0.270125 0.8735 0.02025 0.027
0 0.280125 0.8735 0.02025 0.027
0 0.290125 0.8735 0.02025 0.027
0 0.300125 0.8735 0.02025 0.027
0 0.820125 0.8735 0.02025 0.027
0 0.010125 0.8835 0.02025 0.027
0 0.020125 0.8835 0.02025 0.027
0 0.260125 0.8835 0.02025 0.027
0 0.270125 0.8835 0.02025 0.027
0 0.280125 0.8835 0.02025 0.027
0 0.290125 0.8835 0.02025 0.027
0 0.300125 0.8835 0.02025 0.027
0 0.640125 0.8935 0.02025 0.027
0 0.820125 0.9135 0.02025 0.027
0 0.620125 0.9235 0.02025 0.027
0 0.820125 0.9235 0.02025 0.027
0 0.530125 0.9335 0.02025 0.027
0 0.630125 0.9335 0.02025 0.027
0 0.990125 0.9335 0.02025 0.027
0 0.420125 0.9435 0.02025 0.027
0 0.510125 0.9435 0.02025 0.027
0 0.530125 0.9435 0.02025 0.027
0 0.510125 0.9535 0.02025 0.027
0 0.610125 0.9535 0.02025 0.027
0 0.170125 0.9635 0.02025 0.027
0 0.180125 0.9635 0.02025 0.027
0 0.160125 0.9735 0.02025 0.027
0 0.170125 0.9735 0.02025 0.027
0 0.790125 0.9735 0.02025 0.027
0 0.150125 0.9835 0.02025 0.027
0 0.160125 0.9835 0.02025 0.027
0 0.230125 0.9835 0.02025 0.027
0 0.240125 0.9835 0.02025 0.027
0 0.520125 0.9835 0.02025 0.027
0 0.830125 0.9835 0.02025 0.027
0 0.840125 0.9835 0.02025 0.027
0 0.870125 0.9835 0.02025 0.027
0 0.880125 0.9835 0.02025 0.027
0 0.890125 0.9835 0.02025 0.027
0 0.080125 0.9935 0.02025 0.027
0 0.090125 0.9935 0.02025 0.027
0 0.100125 0.9935 0.02025 0.027
0 0.110125 0.9935 0.02025 0.027
0 0.150125 0.9935 0.02025 0.027
0 0.160125 0.9935 0.02025 0.027
0 0.220125 0.9935 0.02025 0.027
0 0.230125 0.9935 0.02025 0.027
0 0.240125 0.9935 0.02025 0.027
0 0.250125 0.9935 0.02025 0.027
0 0.370125 0.9935 0.02025 0.027
0 0.390125 0.9935 0.02025 0.027
0 0.400125 0.9935 0.02025 0.027
0 0.410125 0.9935 0.02025 0.027
0 0.420125 0.9935 0.02025 0.027
0 0.430125 0.9935 0.02025 0.027
0 0.440125 0.9935 0.02025 0.027
0 0.450125 0.9935 0.02025 0.027
0 0.460125 0.9935 0.02025 0.027
0 0.470125 0.9935 0.02025 0.027
0 0.480125 0.9935 0.02025 0.027
0 0.490125 0.9935 0.02025 0.027
0 0.500125 0.9935 0.02025 0.027
0 0.510125 0.9935 0.02025 0.027
0 0.520125 0.9935 0.02025 0.027
0 0.530125 0.9935 0.02025 0.027
0 0.540125 0.9935 0.02025 0.027
0 0.550125 0.9935 0.02025 0.027
0 0.560125 0.9935 0.02025 0.027
0 0.570125 0.9935 0.02025 0.027
0 0.580125 0.9935 0.02025 0.027
0 0.590125 0.9935 0.02025 0.027
0 0.600125 0.9935 0.02025 0.027
0 0.610125 0.9935 0.02025 0.027
0 0.620125 0.9935 0.02025 0.027
0 0.630125 0.9935 0.02025 0.027
0 0.640125 0.9935 0.02025 0.027
0 0.650125 0.9935 0.02025 0.027
0 0.750125 0.9935 0.02025 0.027
0 0.760125 0.9935 0.02025 0.027
0 0.770125 0.9935 0.02025 0.027
0 0.780125 0.9935 0.02025 0.027
0 0.790125 0.9935 0.02025 0.027
0 0.800125 0.9935 0.02025 0.027
0 0.810125 0.9935 0.02025 0.027
0 0.820125 0.9935 0.02025 0.027
0 0.830125 0.9935 0.02025 0.027
0 0.840125 0.9935 0.02025 0.027
0 0.850125 0.9935 0.02025 0.027
0 0.860125 0.9935 0.02025 0.027
0 0.870125 0.9935 0.02025 0.027
0 0.880125 0.9935 0.02025 0.027
0 0.890125 0.9935 0.02025 0.027
