0 0.060125 0.0135 0.02025 0.027
0 0.070125 0.0135 0.02025 0.027
0 0.080125 0.0135 0.02025 0.027
0 0.090125 0.0135 0.02025 0.027
0 0.070125 0.0235 0.02025 0.027
0 0.080125 0.0235 0.02025 0.027
0 0.090125 0.0235 0.02025 0.027
0 0.100125 0.0235 0.02025 0.027
0 0.070125 0.0335 0.02025 0.027
0 0.080125 0.0335 0.02025 0.027
0 0.090125 0.0335 0.02025 0.027
0 0.080125 0.0435 0.02025 0.027
0 0.080125 0.0535 0.02025 0.027
0 0.100125 0.0535 0.02025 0.027
0 0.110125 0.0535 0.02025 0.027
0 0.120125 0.0535 0.02025 0.027
0 0.240125 0.0535 0.02025 0.027
0 0.250125 0.0535 0.02025 0.027
0 0.080125 0.0635 0.02025 0.027
0 0.100125 0.0635 0.02025 0.027
0 0.110125 0.0635 0.02025 0.027
0 0.120125 0.0635 0.02025 0.027
0 0.230125 0.0635 0.02025 0.027
0 0.240125 0.0635 0.02025 0.027
0 0.250125 0.0635 0.02025 0.027
0 0.080125 0.0735 0.02025 0.027
0 0.100125 0.0735 0.02025 0.027
0 0.110125 0.0735 0.02025 0.027
0 0.120125 0.0735 0.02025 0.027
0 0.220125 0.0735 0.02025 0.027
0 0.230125 0.0735 0.02025 0.027
0 0.240125 0.0735 0.02025 0.027
0 0.250125 0.0735 0.02025 0.027
0 0.260125 0.0735 0.02025 0.027
0 0.270125 0.0735 0.02025 0.027
0 0.080125 0.0835 0.02025 0.027
0 0.110125 0.0835 0.02025 0.027
0 0.120125 0.0835 0.02025 0.027
0 0.220125 0.0835 0.02025 0.027
0 0.230125 0.0835 0.02025 0.027
0 0.240125 0.0835 0.02025 0.027
0 0.250125 0.0835 0.02025 0.027
0 0.260125 0.0835 0.02025 0.027
0 0.270125 0.0835 0.02025 0.027
0 0.280125 0.0835 0.02025 0.027
0 0.070125 0.0935 0.02025 0.027
0 0.080125 0.0935 0.02025 0.027
0 0.090125 0.0935 0.02025 0.027
0 0.100125 0.0935 0.02025 0.027
0 0.110125 0.0935 0.02025 0.027
0 0.120125 0.0935 0.02025 0.027
0 0.230125 0.0935 0.02025 0.027
0 0.240125 0.0935 0.02025 0.027
0 0.250125 0.0935 0.02025 0.027
0 0.260125 0.0935 0.02025 0.027
0 0.270125 0.0935 0.02025 0.027
0 0.280125 0.0935 0.02025 0.027
0 0.290125 0.0935 0.02025 0.027
0 0.090125 0.1035 0.02025 0.027
0 0.100125 0.1035 0.02025 0.027
0 0.110125 0.1035 0.02025 0.027
0 0.240125 0.1035 0.02025 0.027
0 0.250125 0.1035 0.02025 0.027
0 0.260125 0.1035 0.02025 0.027
0 0.270125 0.1035 0.02025 0.027
0 0.280125 0.1035 0.02025 0.027
0 0.290125 0.1035 0.02025 0.027
0 0.300125 0.1035 0.02025 0.027
0 0.090125 0.1135 0.02025 0.027
0 0.100125 0.1135 0.02025 0.027
0 0.110125 0.1135 0.02025 0.027
0 0.240125 0.1135 0.02025 0.027
0 0.260125 0.1135 0.02025 0.027
0 0.270125 0.1135 0.02025 0.027
0 0.280125 0.1135 0.02025 0.027
0 0.290125 0.1135 0.02025 0.027
0 0.300125 0.1135 0.02025 0.027
0 0.080125 0.1235 0.02025 0.027
0 0.090125 0.1235 0.02025 0.027
0 0.100125 0.1235 0.02025 0.027
0 0.250125 0.1235 0.02025 0.027
0 0.260125 0.1235 0.02025 0.027
0 0.270125 0.1235 0.02025 0.027
0 0.280125 0.1235 0.02025 0.027
0 0.290125 0.1235 0.02025 0.027
0 0.300125 0.1235 0.02025 0.027
0 0.060125 0.1335 0.02025 0.027
0 0.070125 0.1335 0.02025 0.027
0 0.080125 0.1335 0.02025 0.027
0 0.090125 0.1335 0.02025 0.027
0 0.260125 0.1335 0.02025 0.027
0 0.270125 0.1335 0.02025 0.027
0 0.280125 0.1335 0.02025 0.027
0 0.290125 0.1335 0.02025 0.027
0 0.300125 0.1335 0.02025 0.027
0 0.310125 0.1335 0.02025 0.027
0 0.060125 0.1435 0.02025 0.027
0 0.070125 0.1435 0.02025 0.027
0 0.080125 0.1435 0.02025 0.027
0 0.090125 0.1435 0.02025 0.027
0 0.260125 0.1435 0.02025 0.027
0 0.270125 0.1435 0.02025 0.027
0 0.280125 0.1435 0.02025 0.027
0 0.290125 0.1435 0.02025 0.027
0 0.300125 0.1435 0.02025 0.027
0 0.310125 0.1435 0.02025 0.027
0 0.060125 0.1535 0.02025 0.027
0 0.070125 0.1535 0.02025 0.027
0 0.080125 0.1535 0.02025 0.027
0 0.270125 0.1535 0.02025 0.027
0 0.280125 0.1535 0.02025 0.027
0 0.290125 0.1535 0.02025 0.027
0 0.300125 0.1535 0.02025 0.027
0 0.310125 0.1535 0.02025 0.027
0 0.290125 0.1635 0.02025 0.027
0 0.300125 0.1635 0.02025 0.027
0 0.280125 0.1735 0.02025 0.027
0 0.290125 0.1735 0.02025 0.027
0 0.580125 0.2335 0.02025 0.027
0 0.540125 0.2735 0.02025 0.027
0 0.450125 0.3335 0.02025 0.027
0 0.460125 0.3335 0.02025 0.027
0 0.700125 0.3335 0.02025 0.027
0 0.710125 0.3335 0.02025 0.027
0 0.460125 0.3435 0.02025 0.027
0 0.690125 0.3435 0.02025 0.027
0 0.700125 0.3435 0.02025 0.027
0 0.710125 0.3435 0.02025 0.027
0 0.400125 0.3535 0.02025 0.027
0 0.450125 0.3535 0.02025 0.027
0 0.460125 0.3535 0.02025 0.027
0 0.690125 0.3535 0.02025 0.027
0 0.700125 0.3535 0.02025 0.027
0 0.710125 0.3535 0.02025 0.027
0 0.450125 0.3635 0.02025 0.027
0 0.690125 0.3635 0.02025 0.027
0 0.700125 0.3635 0.02025 0.027
0 0.710125 0.3635 0.02025 0.027
0 0.340125 0.3735 0.02025 0.027
0 0.450125 0.3735 0.02025 0.027
0 0.700125 0.3735 0.02025 0.027
0 0.340125 0.3835 0.02025 0.027
0 0.700125 0.3835 0.02025 0.027
0 0.340125 0.3935 0.02025 0.027
0 0.340125 0.4035 0.02025 0.027
0 0.240125 0.6435 0.02025 0.027
0 0.250125 0.6435 0.02025 0.027
0 0.920125 0.7635 0.02025 0.027
0 0.290125 0.9035 0.02025 0.027
0 0.310125 0.9035 0.02025 0.027
0 0.320125 0.9035 0.02025 0.027
0 0.250125 0.9135 0.02025 0.027
0 0.290125 0.9135 0.02025 0.027
0 0.300125 0.9135 0.02025 0.027
0 0.310125 0.9135 0.02025 0.027
0 0.570125 0.9135 0.02025 0.027
0 0.290125 0.9235 0.02025 0.027
0 0.300125 0.9235 0.02025 0.027
0 0.420125 0.9235 0.02025 0.027
0 0.550125 0.9235 0.02025 0.027
0 0.560125 0.9235 0.02025 0.027
0 0.570125 0.9235 0.02025 0.027
0 0.280125 0.9335 0.02025 0.027
0 0.290125 0.9335 0.02025 0.027
0 0.300125 0.9335 0.02025 0.027
0 0.310125 0.9335 0.02025 0.027
0 0.430125 0.9335 0.02025 0.027
0 0.550125 0.9335 0.02025 0.027
0 0.560125 0.9335 0.02025 0.027
0 0.280125 0.9435 0.02025 0.027
0 0.290125 0.9435 0.02025 0.027
0 0.300125 0.9435 0.02025 0.027
0 0.310125 0.9435 0.02025 0.027
0 0.430125 0.9435 0.02025 0.027
0 0.440125 0.9435 0.02025 0.027
0 0.550125 0.9435 0.02025 0.027
0 0.560125 0.9435 0.02025 0.027
0 0.570125 0.9435 0.02025 0.027
0 0.660125 0.9435 0.02025 0.027
0 0.670125 0.9435 0.02025 0.027
0 0.790125 0.9435 0.02025 0.027
0 0.800125 0.9435 0.02025 0.027
0 0.250125 0.9535 0.02025 0.027
0 0.260125 0.9535 0.02025 0.027
0 0.270125 0.9535 0.02025 0.027
0 0.280125 0.9535 0.02025 0.027
0 0.290125 0.9535 0.02025 0.027
0 0.300125 0.9535 0.02025 0.027
0 0.310125 0.9535 0.02025 0.027
0 0.320125 0.9535 0.02025 0.027
0 0.330125 0.9535 0.02025 0.027
0 0.530125 0.9535 0.02025 0.027
0 0.560125 0.9535 0.02025 0.027
0 0.570125 0.9535 0.02025 0.027
0 0.780125 0.9535 0.02025 0.027
0 0.790125 0.9535 0.02025 0.027
0 0.800125 0.9535 0.02025 0.027
0 0.250125 0.9635 0.02025 0.027
0 0.280125 0.9635 0.02025 0.027
0 0.290125 0.9635 0.02025 0.027
0 0.300125 0.9635 0.02025 0.027
0 0.320125 0.9635 0.02025 0.027
0 0.330125 0.9635 0.02025 0.027
0 0.530125 0.9635 0.02025 0.027
0 0.550125 0.9635 0.02025 0.027
0 0.560125 0.9635 0.02025 0.027
0 0.570125 0.9635 0.02025 0.027
0 0.780125 0.9635 0.02025 0.027
0 0.790125 0.9635 0.02025 0.027
0 0.800125 0.9635 0.02025 0.027
0 0.250125 0.9735 0.02025 0.027
0 0.260125 0.9735 0.02025 0.027
0 0.290125 0.9735 0.02025 0.027
0 0.320125 0.9735 0.02025 0.027
0 0.330125 0.9735 0.02025 0.027
0 0.530125 0.9735 0.02025 0.027
0 0.540125 0.9735 0.02025 0.027
0 0.550125 0.9735 0.02025 0.027
0 0.560125 0.9735 0.02025 0.027
0 0.770125 0.9735 0.02025 0.027
0 0.780125 0.9735 0.02025 0.027
0 0.790125 0.9735 0.02025 0.027
0 0.800125 0.9735 0.02025 0.027
0 0.220125 0.9835 0.02025 0.027
0 0.250125 0.9835 0.02025 0.027
0 0.260125 0.9835 0.02025 0.027
0 0.270125 0.9835 0.02025 0.027
0 0.280125 0.9835 0.02025 0.027
0 0.530125 0.9835 0.02025 0.027
0 0.540125 0.9835 0.02025 0.027
0 0.550125 0.9835 0.02025 0.027
0 0.560125 0.9835 0.02025 0.027
0 0.760125 0.9835 0.02025 0.027
0 0.770125 0.9835 0.02025 0.027
0 0.780125 0.9835 0.02025 0.027
0 0.820125 0.9835 0.02025 0.027
0 0.830125 0.9835 0.02025 0.027
0 0.260125 0.9935 0.02025 0.027
0 0.270125 0.9935 0.02025 0.027
0 0.280125 0.9935 0.02025 0.027
0 0.290125 0.9935 0.02025 0.027
0 0.520125 0.9935 0.02025 0.027
0 0.530125 0.9935 0.02025 0.027
0 0.540125 0.9935 0.02025 0.027
0 0.550125 0.9935 0.02025 0.027
0 0.560125 0.9935 0.02025 0.027
0 0.760125 0.9935 0.02025 0.027
0 0.770125 0.9935 0.02025 0.027
0 0.830125 0.9935 0.02025 0.027
