[0.18286700546741486, 0.9538114666938782, array([0.4229649 , 0.43112662, 0.4324425 , 0.4336369 , 0.43422037,
       0.43496817, 0.43552256, 0.43594748, 0.4363732 , 0.43670124,
       0.43706268, 0.43735883, 0.43782032, 0.43815055, 0.43867996,
       0.43904465, 0.43940997, 0.43950972, 0.4396428 , 0.4400091 ,
       0.44034263, 0.9038121 , 0.9120754 , 0.91957986, 0.92558295,
       0.931224  , 0.9367768 , 0.9405223 , 0.94519854, 0.94770014,
       0.9499402 , 0.9517123 , 0.95332074, 0.9545611 , 0.9563341 ,
       0.95728123, 0.9582467 , 0.9592014 , 0.959854  , 0.96117014,
       0.96178675, 0.9622839 , 0.9627362 , 0.96439844, 0.9648876 ,
       0.96501404, 0.96584505, 0.96582705, 0.9664903 , 0.96681374,
       0.96714944, 0.9677933 , 0.9680908 , 0.96857244, 0.9688889 ,
       0.96938413, 0.97039413, 0.97122943, 0.9719091 , 0.9722421 ,
       0.97257084, 0.97307485, 0.9733813 , 0.9735373 , 0.9737079 ,
       0.9740447 , 0.974211  , 0.9741831 , 0.9741644 , 0.974679  ,
       0.9750091 , 0.9751677 , 0.97550356, 0.9754902 , 0.9756585 ,
       0.97581816, 0.9758138 , 0.9759738 , 0.975965  , 0.976299  ,
       0.9766466 , 0.9768206 , 0.97717726, 0.97733504, 0.9776761 ,
       0.97765976, 0.9783486 , 0.97870386, 0.9786921 , 0.979205  ,
       0.9799041 , 0.98008484, 0.98025465, 0.98040664, 0.980933  ,
       0.9811006 , 0.98126507, 0.9812337 , 0.9813988 , 0.9815814 ,
       0.9817505 , 0.98210627, 0.9822662 , 0.9824365 , 0.9827909 ,
       0.9829652 , 0.9829652 , 0.9829492 , 0.9831208 , 0.98330206,
       0.98366195, 0.9838376 , 0.9840105 , 0.9843779 , 0.9843662 ,
       0.9847314 , 0.9849085 , 0.985258  , 0.98543596, 0.98580086,
       0.98598486, 0.9861585 , 0.98634034, 0.9865173 , 0.98651475,
       0.9864993 , 0.98667175, 0.9866514 , 0.9868346 , 0.9868295 ,
       0.98700553, 0.98699313, 0.9869881 , 0.9871672 , 0.9875312 ,
       0.98771596, 0.9878893 , 0.98788226, 0.9882466 , 0.98841923,
       0.98859906, 0.98859686, 0.98877925, 0.989339  , 0.9895146 ,
       0.9895064 , 0.9894901 , 0.989486  , 0.9896746 , 0.9902363 ,
       0.99022675, 0.990221  , 0.9902057 , 0.990198  , 0.9901826 ,
       0.990171  , 0.9901555 , 0.9903315 , 0.9903162 , 0.9905007 ,
       0.9904894 , 0.9904743 , 0.99046105, 0.99044585, 0.99044204,
       0.99063   , 0.99082017, 0.99081284, 0.9909982 , 0.99098194,
       0.9911682 , 0.991362  , 0.9913481 , 0.99153906, 0.99152887,
       0.99151856, 0.9919012 , 0.99209726, 0.9920796 , 0.99247205,
       0.9924521 , 0.99243665, 0.99283814, 0.9928279 , 0.99302137,
       0.99300843, 0.9931987 , 0.99338704, 0.99357647, 0.99355644,
       0.99354035, 0.99352276, 0.9934983 , 0.99389344, 0.9938728 ,
       0.9940628 , 0.99466157, 0.9950442 , 0.9952007 , 0.9955516 ],
      dtype=float32), array([1.        , 1.        , 1.        , 1.        , 1.        ,
       1.        , 1.        , 1.        , 1.        , 1.        ,
       1.        , 1.        , 1.        , 1.        , 1.        ,
       1.        , 1.        , 1.        , 1.        , 1.        ,
       1.        , 0.96729213, 0.9660871 , 0.9645378 , 0.9635049 ,
       0.96264416, 0.9616113 , 0.9609227 , 0.9590291 , 0.9576519 ,
       0.9571355 , 0.95679116, 0.95627475, 0.95472544, 0.9538647 ,
       0.9528318 , 0.95214325, 0.95111036, 0.950766  , 0.9502496 ,
       0.94887245, 0.9487003 , 0.94732314, 0.94663453, 0.9461181 ,
       0.9449131 , 0.9443966 , 0.9438802 , 0.9433637 , 0.9428473 ,
       0.9426752 , 0.94147015, 0.940093  , 0.9390601 , 0.93819934,
       0.9375108 , 0.93665004, 0.93561715, 0.93510073, 0.93458426,
       0.9338957 , 0.9332071 , 0.9316578 , 0.9309692 , 0.93079704,
       0.9302806 , 0.9299363 , 0.9289034 , 0.92821485, 0.9276984 ,
       0.9268377 , 0.9261491 , 0.9254605 , 0.92494404, 0.92459977,
       0.92391115, 0.923739  , 0.92305046, 0.9227061 , 0.92184544,
       0.9215011 , 0.92132896, 0.92132896, 0.9204682 , 0.91977966,
       0.91909105, 0.917886  , 0.9177139 , 0.91719747, 0.91599244,
       0.91495955, 0.91495955, 0.91444314, 0.9130659 , 0.9122052 ,
       0.9115166 , 0.91065586, 0.90910655, 0.9082458 , 0.9082458 ,
       0.90755725, 0.9070408 , 0.90583575, 0.9051472 , 0.9044586 ,
       0.90394217, 0.90394217, 0.9030814 , 0.90239286, 0.90222067,
       0.90170425, 0.90118784, 0.9004992 , 0.9003271 , 0.8996385 ,
       0.8992942 , 0.8987778 , 0.89740056, 0.89688414, 0.8963677 ,
       0.89619553, 0.89533484, 0.8949905 , 0.89430195, 0.8941298 ,
       0.8930969 , 0.89206403, 0.89068687, 0.8903426 , 0.88999826,
       0.88913757, 0.8882768 , 0.88793254, 0.8872439 , 0.88621104,
       0.88586676, 0.88466173, 0.8841453 , 0.8829403 , 0.88156307,
       0.8807024 , 0.88053024, 0.8798416 , 0.8786366 , 0.87725943,
       0.8765708 , 0.87519366, 0.8748494 , 0.8745051 , 0.87295574,
       0.87209505, 0.8715786 , 0.8702014 , 0.8695128 , 0.86813563,
       0.86710274, 0.8657256 , 0.86400414, 0.86262697, 0.8615941 ,
       0.8605612 , 0.859184  , 0.857979  , 0.85660183, 0.85625756,
       0.8553968 , 0.8547082 , 0.85401964, 0.8528146 , 0.85126525,
       0.8500602 , 0.8495438 , 0.84816664, 0.8473059 , 0.846273  ,
       0.8452401 , 0.84334654, 0.84283006, 0.8409365 , 0.83973145,
       0.83749354, 0.8357721 , 0.8352556 , 0.8340506 , 0.83284557,
       0.83129627, 0.8295748 , 0.82750905, 0.82544327, 0.8228611 ,
       0.8207953 , 0.8185574 , 0.8154588 , 0.8125323 , 0.8097779 ,
       0.8070236 , 0.8018592 , 0.7949733 , 0.7853331 , 0.7705285 ],
      dtype=float32), 0.9806323051452637, array([7925., 7665., 7624., 7587., 7569., 7546., 7529., 7516., 7503.,
       7493., 7482., 7473., 7459., 7449., 7433., 7422., 7411., 7408.,
       7404., 7393., 7383.,  598.,  541.,  490.,  450.,  413.,  377.,
        353.,  323.,  307.,  293.,  282.,  272.,  264.,  253.,  247.,
        241.,  235.,  231.,  223.,  219.,  216.,  213.,  203.,  200.,
        199.,  194.,  194.,  190.,  188.,  186.,  182.,  180.,  177.,
        175.,  172.,  166.,  161.,  157.,  155.,  153.,  150.,  148.,
        147.,  146.,  144.,  143.,  143.,  143.,  140.,  138.,  137.,
        135.,  135.,  134.,  133.,  133.,  132.,  132.,  130.,  128.,
        127.,  125.,  124.,  122.,  122.,  118.,  116.,  116.,  113.,
        109.,  108.,  107.,  106.,  103.,  102.,  101.,  101.,  100.,
         99.,   98.,   96.,   95.,   94.,   92.,   91.,   91.,   91.,
         90.,   89.,   87.,   86.,   85.,   83.,   83.,   81.,   80.,
         78.,   77.,   75.,   74.,   73.,   72.,   71.,   71.,   71.,
         70.,   70.,   69.,   69.,   68.,   68.,   68.,   67.,   65.,
         64.,   63.,   63.,   61.,   60.,   59.,   59.,   58.,   55.,
         54.,   54.,   54.,   54.,   53.,   50.,   50.,   50.,   50.,
         50.,   50.,   50.,   50.,   49.,   49.,   48.,   48.,   48.,
         48.,   48.,   48.,   47.,   46.,   46.,   45.,   45.,   44.,
         43.,   43.,   42.,   42.,   42.,   40.,   39.,   39.,   37.,
         37.,   37.,   35.,   35.,   34.,   34.,   33.,   32.,   31.,
         31.,   31.,   31.,   31.,   29.,   29.,   28.,   25.,   23.,
         22.,   20.], dtype=float32), array([  14.,  274.,  315.,  352.,  370.,  393.,  410.,  423.,  436.,
        446.,  457.,  466.,  480.,  490.,  506.,  517.,  528.,  531.,
        535.,  546.,  556., 7341., 7398., 7449., 7489., 7526., 7562.,
       7586., 7616., 7632., 7646., 7657., 7667., 7675., 7686., 7692.,
       7698., 7704., 7708., 7716., 7720., 7723., 7726., 7736., 7739.,
       7740., 7745., 7745., 7749., 7751., 7753., 7757., 7759., 7762.,
       7764., 7767., 7773., 7778., 7782., 7784., 7786., 7789., 7791.,
       7792., 7793., 7795., 7796., 7796., 7796., 7799., 7801., 7802.,
       7804., 7804., 7805., 7806., 7806., 7807., 7807., 7809., 7811.,
       7812., 7814., 7815., 7817., 7817., 7821., 7823., 7823., 7826.,
       7830., 7831., 7832., 7833., 7836., 7837., 7838., 7838., 7839.,
       7840., 7841., 7843., 7844., 7845., 7847., 7848., 7848., 7848.,
       7849., 7850., 7852., 7853., 7854., 7856., 7856., 7858., 7859.,
       7861., 7862., 7864., 7865., 7866., 7867., 7868., 7868., 7868.,
       7869., 7869., 7870., 7870., 7871., 7871., 7871., 7872., 7874.,
       7875., 7876., 7876., 7878., 7879., 7880., 7880., 7881., 7884.,
       7885., 7885., 7885., 7885., 7886., 7889., 7889., 7889., 7889.,
       7889., 7889., 7889., 7889., 7890., 7890., 7891., 7891., 7891.,
       7891., 7891., 7891., 7892., 7893., 7893., 7894., 7894., 7895.,
       7896., 7896., 7897., 7897., 7897., 7899., 7900., 7900., 7902.,
       7902., 7902., 7904., 7904., 7905., 7905., 7906., 7907., 7908.,
       7908., 7908., 7908., 7908., 7910., 7910., 7911., 7914., 7916.,
       7917., 7919.], dtype=float32), 0.9802415370941162]