[0.6306086778640747, 0.6267093420028687, array([0.4225342 , 0.4225342 , 0.4225342 , 0.4225342 , 0.4225342 ,
       0.4225342 , 0.4225342 , 0.4225342 , 0.4225342 , 0.4225342 ,
       0.4225342 , 0.4225342 , 0.4225342 , 0.4225342 , 0.4225342 ,
       0.4225342 , 0.4225342 , 0.4225342 , 0.4225342 , 0.4225342 ,
       0.4225342 , 0.4225342 , 0.4225342 , 0.4225342 , 0.4225342 ,
       0.4225342 , 0.4225342 , 0.4225342 , 0.4225342 , 0.4225342 ,
       0.4225342 , 0.4225342 , 0.4225342 , 0.4225342 , 0.4225342 ,
       0.4225342 , 0.4225342 , 0.4225342 , 0.4225342 , 0.4225342 ,
       0.4225342 , 0.4225342 , 0.4225342 , 0.4225342 , 0.4225342 ,
       0.4225342 , 0.42256492, 0.42256492, 0.42256492, 0.4226264 ,
       0.42265716, 0.42268792, 0.42271867, 0.42274943, 0.42290333,
       0.4229649 , 0.42321143, 0.42342737, 0.42376715, 0.4242004 ,
       0.42463452, 0.4253185 , 0.42616096, 0.42728946, 0.42851874,
       0.4300733 , 0.43205652, 0.43461022, 0.43707663, 0.4401486 ,
       0.44382408, 0.44734   , 0.45243856, 0.45847517, 0.46681738,
       0.47632012, 0.48739213, 0.49978265, 0.5120471 , 0.5273247 ,
       0.54305583, 0.55799747, 0.57340944, 0.58986026, 0.6062005 ,
       0.621245  , 0.6366907 , 0.65487957, 0.6732633 , 0.6885507 ,
       0.70032984, 0.7112761 , 0.71941614, 0.73286206, 0.74242425,
       0.7506369 , 0.7596349 , 0.76430297, 0.76519203, 0.7702703 ,
       0.7638348 , 0.76682925, 0.7618438 , 0.7646048 , 0.7380952 ,
       0.68686867, 0.6080402 , 0.5673759 , 0.5116279 , 0.4390244 ,
       0.5       , 0.75      , 0.5       , 0.5       , 1.        ,
       1.        , 0.        , 0.        , 0.        , 0.        ,
       0.        , 0.        , 0.        , 0.        , 0.        ,
       0.        , 0.        , 0.        , 0.        , 0.        ,
       0.        , 0.        , 0.        , 0.        , 0.        ,
       0.        , 0.        , 0.        , 0.        , 0.        ,
       0.        , 0.        , 0.        , 0.        , 0.        ,
       0.        , 0.        , 0.        , 0.        , 0.        ,
       0.        , 0.        , 0.        , 0.        , 0.        ,
       0.        , 0.        , 0.        , 0.        , 0.        ,
       0.        , 0.        , 0.        , 0.        , 0.        ,
       0.        , 0.        , 0.        , 0.        , 0.        ,
       0.        , 0.        , 0.        , 0.        , 0.        ,
       0.        , 0.        , 0.        , 0.        , 0.        ,
       0.        , 0.        , 0.        , 0.        , 0.        ,
       0.        , 0.        , 0.        , 0.        , 0.        ,
       0.        , 0.        , 0.        , 0.        , 0.        ,
       0.        , 0.        , 0.        , 0.        , 0.        ],
      dtype=float32), array([1.0000000e+00, 1.0000000e+00, 1.0000000e+00, 1.0000000e+00,
       1.0000000e+00, 1.0000000e+00, 1.0000000e+00, 1.0000000e+00,
       1.0000000e+00, 1.0000000e+00, 1.0000000e+00, 1.0000000e+00,
       1.0000000e+00, 1.0000000e+00, 1.0000000e+00, 1.0000000e+00,
       1.0000000e+00, 1.0000000e+00, 1.0000000e+00, 1.0000000e+00,
       1.0000000e+00, 1.0000000e+00, 1.0000000e+00, 1.0000000e+00,
       1.0000000e+00, 1.0000000e+00, 1.0000000e+00, 1.0000000e+00,
       1.0000000e+00, 1.0000000e+00, 1.0000000e+00, 1.0000000e+00,
       1.0000000e+00, 1.0000000e+00, 1.0000000e+00, 1.0000000e+00,
       1.0000000e+00, 1.0000000e+00, 1.0000000e+00, 1.0000000e+00,
       1.0000000e+00, 1.0000000e+00, 1.0000000e+00, 1.0000000e+00,
       1.0000000e+00, 1.0000000e+00, 1.0000000e+00, 1.0000000e+00,
       1.0000000e+00, 1.0000000e+00, 1.0000000e+00, 1.0000000e+00,
       1.0000000e+00, 1.0000000e+00, 1.0000000e+00, 1.0000000e+00,
       1.0000000e+00, 1.0000000e+00, 1.0000000e+00, 1.0000000e+00,
       1.0000000e+00, 1.0000000e+00, 1.0000000e+00, 1.0000000e+00,
       1.0000000e+00, 1.0000000e+00, 1.0000000e+00, 1.0000000e+00,
       9.9965572e-01, 9.9948359e-01, 9.9896711e-01, 9.9879497e-01,
       9.9810636e-01, 9.9690133e-01, 9.9535203e-01, 9.9380273e-01,
       9.9156481e-01, 9.8967117e-01, 9.8777759e-01, 9.8502326e-01,
       9.8140818e-01, 9.7469443e-01, 9.6815288e-01, 9.5937341e-01,
       9.4921672e-01, 9.3630576e-01, 9.1409880e-01, 8.8948184e-01,
       8.6090547e-01, 8.1786883e-01, 7.6760203e-01, 7.0907211e-01,
       6.4486140e-01, 5.8891374e-01, 5.2298158e-01, 4.5653296e-01,
       3.8681355e-01, 3.2656223e-01, 2.7095887e-01, 2.1587193e-01,
       1.6870373e-01, 1.3530728e-01, 1.0242727e-01, 7.6605268e-02,
       5.3365469e-02, 3.5117920e-02, 2.0829746e-02, 1.3771733e-02,
       7.5744535e-03, 3.0986401e-03, 1.5493201e-03, 1.0328800e-03,
       3.4429334e-04, 1.7214667e-04, 1.7214667e-04, 1.7214667e-04,
       0.0000000e+00, 0.0000000e+00, 0.0000000e+00, 0.0000000e+00,
       0.0000000e+00, 0.0000000e+00, 0.0000000e+00, 0.0000000e+00,
       0.0000000e+00, 0.0000000e+00, 0.0000000e+00, 0.0000000e+00,
       0.0000000e+00, 0.0000000e+00, 0.0000000e+00, 0.0000000e+00,
       0.0000000e+00, 0.0000000e+00, 0.0000000e+00, 0.0000000e+00,
       0.0000000e+00, 0.0000000e+00, 0.0000000e+00, 0.0000000e+00,
       0.0000000e+00, 0.0000000e+00, 0.0000000e+00, 0.0000000e+00,
       0.0000000e+00, 0.0000000e+00, 0.0000000e+00, 0.0000000e+00,
       0.0000000e+00, 0.0000000e+00, 0.0000000e+00, 0.0000000e+00,
       0.0000000e+00, 0.0000000e+00, 0.0000000e+00, 0.0000000e+00,
       0.0000000e+00, 0.0000000e+00, 0.0000000e+00, 0.0000000e+00,
       0.0000000e+00, 0.0000000e+00, 0.0000000e+00, 0.0000000e+00,
       0.0000000e+00, 0.0000000e+00, 0.0000000e+00, 0.0000000e+00,
       0.0000000e+00, 0.0000000e+00, 0.0000000e+00, 0.0000000e+00,
       0.0000000e+00, 0.0000000e+00, 0.0000000e+00, 0.0000000e+00,
       0.0000000e+00, 0.0000000e+00, 0.0000000e+00, 0.0000000e+00,
       0.0000000e+00, 0.0000000e+00, 0.0000000e+00, 0.0000000e+00,
       0.0000000e+00, 0.0000000e+00, 0.0000000e+00, 0.0000000e+00,
       0.0000000e+00, 0.0000000e+00, 0.0000000e+00, 0.0000000e+00,
       0.0000000e+00, 0.0000000e+00, 0.0000000e+00, 0.0000000e+00,
       0.0000000e+00, 0.0000000e+00, 0.0000000e+00, 0.0000000e+00],
      dtype=float32), 0.7165200710296631, array([7.939e+03, 7.939e+03, 7.939e+03, 7.939e+03, 7.939e+03, 7.939e+03,
       7.939e+03, 7.939e+03, 7.939e+03, 7.939e+03, 7.939e+03, 7.939e+03,
       7.939e+03, 7.939e+03, 7.939e+03, 7.939e+03, 7.939e+03, 7.939e+03,
       7.939e+03, 7.939e+03, 7.939e+03, 7.939e+03, 7.939e+03, 7.939e+03,
       7.939e+03, 7.939e+03, 7.939e+03, 7.939e+03, 7.939e+03, 7.939e+03,
       7.939e+03, 7.939e+03, 7.939e+03, 7.939e+03, 7.939e+03, 7.939e+03,
       7.939e+03, 7.939e+03, 7.939e+03, 7.939e+03, 7.939e+03, 7.939e+03,
       7.939e+03, 7.939e+03, 7.939e+03, 7.939e+03, 7.938e+03, 7.938e+03,
       7.938e+03, 7.936e+03, 7.935e+03, 7.934e+03, 7.933e+03, 7.932e+03,
       7.927e+03, 7.925e+03, 7.917e+03, 7.910e+03, 7.899e+03, 7.885e+03,
       7.871e+03, 7.849e+03, 7.822e+03, 7.786e+03, 7.747e+03, 7.698e+03,
       7.636e+03, 7.557e+03, 7.479e+03, 7.385e+03, 7.272e+03, 7.168e+03,
       7.017e+03, 6.840e+03, 6.604e+03, 6.347e+03, 6.058e+03, 5.754e+03,
       5.468e+03, 5.129e+03, 4.797e+03, 4.485e+03, 4.184e+03, 3.875e+03,
       3.582e+03, 3.316e+03, 3.030e+03, 2.723e+03, 2.427e+03, 2.149e+03,
       1.908e+03, 1.672e+03, 1.461e+03, 1.247e+03, 1.054e+03, 8.810e+02,
       7.110e+02, 5.850e+02, 4.830e+02, 3.740e+02, 3.030e+02, 2.390e+02,
       1.860e+02, 1.370e+02, 1.100e+02, 9.300e+01, 7.800e+01, 6.100e+01,
       4.200e+01, 2.300e+01, 9.000e+00, 2.000e+00, 2.000e+00, 1.000e+00,
       0.000e+00, 0.000e+00, 0.000e+00, 0.000e+00, 0.000e+00, 0.000e+00,
       0.000e+00, 0.000e+00, 0.000e+00, 0.000e+00, 0.000e+00, 0.000e+00,
       0.000e+00, 0.000e+00, 0.000e+00, 0.000e+00, 0.000e+00, 0.000e+00,
       0.000e+00, 0.000e+00, 0.000e+00, 0.000e+00, 0.000e+00, 0.000e+00,
       0.000e+00, 0.000e+00, 0.000e+00, 0.000e+00, 0.000e+00, 0.000e+00,
       0.000e+00, 0.000e+00, 0.000e+00, 0.000e+00, 0.000e+00, 0.000e+00,
       0.000e+00, 0.000e+00, 0.000e+00, 0.000e+00, 0.000e+00, 0.000e+00,
       0.000e+00, 0.000e+00, 0.000e+00, 0.000e+00, 0.000e+00, 0.000e+00,
       0.000e+00, 0.000e+00, 0.000e+00, 0.000e+00, 0.000e+00, 0.000e+00,
       0.000e+00, 0.000e+00, 0.000e+00, 0.000e+00, 0.000e+00, 0.000e+00,
       0.000e+00, 0.000e+00, 0.000e+00, 0.000e+00, 0.000e+00, 0.000e+00,
       0.000e+00, 0.000e+00, 0.000e+00, 0.000e+00, 0.000e+00, 0.000e+00,
       0.000e+00, 0.000e+00, 0.000e+00, 0.000e+00, 0.000e+00, 0.000e+00,
       0.000e+00, 0.000e+00, 0.000e+00, 0.000e+00, 0.000e+00, 0.000e+00,
       0.000e+00, 0.000e+00], dtype=float32), array([0.000e+00, 0.000e+00, 0.000e+00, 0.000e+00, 0.000e+00, 0.000e+00,
       0.000e+00, 0.000e+00, 0.000e+00, 0.000e+00, 0.000e+00, 0.000e+00,
       0.000e+00, 0.000e+00, 0.000e+00, 0.000e+00, 0.000e+00, 0.000e+00,
       0.000e+00, 0.000e+00, 0.000e+00, 0.000e+00, 0.000e+00, 0.000e+00,
       0.000e+00, 0.000e+00, 0.000e+00, 0.000e+00, 0.000e+00, 0.000e+00,
       0.000e+00, 0.000e+00, 0.000e+00, 0.000e+00, 0.000e+00, 0.000e+00,
       0.000e+00, 0.000e+00, 0.000e+00, 0.000e+00, 0.000e+00, 0.000e+00,
       0.000e+00, 0.000e+00, 0.000e+00, 0.000e+00, 1.000e+00, 1.000e+00,
       1.000e+00, 3.000e+00, 4.000e+00, 5.000e+00, 6.000e+00, 7.000e+00,
       1.200e+01, 1.400e+01, 2.200e+01, 2.900e+01, 4.000e+01, 5.400e+01,
       6.800e+01, 9.000e+01, 1.170e+02, 1.530e+02, 1.920e+02, 2.410e+02,
       3.030e+02, 3.820e+02, 4.600e+02, 5.540e+02, 6.670e+02, 7.710e+02,
       9.220e+02, 1.099e+03, 1.335e+03, 1.592e+03, 1.881e+03, 2.185e+03,
       2.471e+03, 2.810e+03, 3.142e+03, 3.454e+03, 3.755e+03, 4.064e+03,
       4.357e+03, 4.623e+03, 4.909e+03, 5.216e+03, 5.512e+03, 5.790e+03,
       6.031e+03, 6.267e+03, 6.478e+03, 6.692e+03, 6.885e+03, 7.058e+03,
       7.228e+03, 7.354e+03, 7.456e+03, 7.565e+03, 7.636e+03, 7.700e+03,
       7.753e+03, 7.802e+03, 7.829e+03, 7.846e+03, 7.861e+03, 7.878e+03,
       7.897e+03, 7.916e+03, 7.930e+03, 7.937e+03, 7.937e+03, 7.938e+03,
       7.939e+03, 7.939e+03, 7.939e+03, 7.939e+03, 7.939e+03, 7.939e+03,
       7.939e+03, 7.939e+03, 7.939e+03, 7.939e+03, 7.939e+03, 7.939e+03,
       7.939e+03, 7.939e+03, 7.939e+03, 7.939e+03, 7.939e+03, 7.939e+03,
       7.939e+03, 7.939e+03, 7.939e+03, 7.939e+03, 7.939e+03, 7.939e+03,
       7.939e+03, 7.939e+03, 7.939e+03, 7.939e+03, 7.939e+03, 7.939e+03,
       7.939e+03, 7.939e+03, 7.939e+03, 7.939e+03, 7.939e+03, 7.939e+03,
       7.939e+03, 7.939e+03, 7.939e+03, 7.939e+03, 7.939e+03, 7.939e+03,
       7.939e+03, 7.939e+03, 7.939e+03, 7.939e+03, 7.939e+03, 7.939e+03,
       7.939e+03, 7.939e+03, 7.939e+03, 7.939e+03, 7.939e+03, 7.939e+03,
       7.939e+03, 7.939e+03, 7.939e+03, 7.939e+03, 7.939e+03, 7.939e+03,
       7.939e+03, 7.939e+03, 7.939e+03, 7.939e+03, 7.939e+03, 7.939e+03,
       7.939e+03, 7.939e+03, 7.939e+03, 7.939e+03, 7.939e+03, 7.939e+03,
       7.939e+03, 7.939e+03, 7.939e+03, 7.939e+03, 7.939e+03, 7.939e+03,
       7.939e+03, 7.939e+03, 7.939e+03, 7.939e+03, 7.939e+03, 7.939e+03,
       7.939e+03, 7.939e+03], dtype=float32), 0.8344107866287231]