[0.3722805380821228, 0.8573610782623291, array([0.4846462 , 0.6777179 , 0.68401134, 0.68751484, 0.69018626,
       0.6930824 , 0.6946647 , 0.6968053 , 0.6987063 , 0.6998063 ,
       0.7009096 , 0.7021147 , 0.7037398 , 0.70435417, 0.7050421 ,
       0.70547277, 0.70624924, 0.707114  , 0.70864016, 0.7092495 ,
       0.71012175, 0.7102608 , 0.711574  , 0.71183723, 0.7129447 ,
       0.71382636, 0.714268  , 0.71476346, 0.71517104, 0.7152597 ,
       0.71561456, 0.71650314, 0.7171805 , 0.71798384, 0.7184309 ,
       0.7185748 , 0.71911234, 0.71974045, 0.7201898 , 0.7208198 ,
       0.7212705 , 0.7213258 , 0.72204834, 0.7225006 , 0.72291875,
       0.723463  , 0.7239171 , 0.72437185, 0.72464496, 0.72546554,
       0.72592217, 0.72652805, 0.72686005, 0.727376  , 0.7278353 ,
       0.72866356, 0.7290323 , 0.7295518 , 0.7301064 , 0.7306619 ,
       0.7313111 , 0.73164845, 0.73211336, 0.7325788 , 0.7331382 ,
       0.7334182 , 0.73397887, 0.73472774, 0.7351027 , 0.7356659 ,
       0.7364787 , 0.7372328 , 0.737516  , 0.7381776 , 0.7385562 ,
       0.73903   , 0.7394095 , 0.7398844 , 0.7405503 , 0.74093133,
       0.7415036 , 0.74207675, 0.7424594 , 0.7432258 , 0.74367255,
       0.7440568 , 0.74489003, 0.74517924, 0.7455323 , 0.74591863,
       0.7466926 , 0.74727416, 0.74785656, 0.7484399 , 0.7486019 ,
       0.74899155, 0.7493816 , 0.74957675, 0.7498697 , 0.7506521 ,
       0.75104386, 0.75153416, 0.75212336, 0.75284576, 0.75353587,
       0.7537333 , 0.755019  , 0.7555147 , 0.756011  , 0.7566075 ,
       0.75730455, 0.75780326, 0.7581028 , 0.75847065, 0.7594402 ,
       0.7598415 , 0.7604442 , 0.99854016, 0.99854016, 0.99854016,
       0.99854016, 0.99853945, 0.99853873, 0.998538  , 0.9985373 ,
       0.9985373 , 0.9985373 , 0.9985373 , 0.9985373 , 0.9985366 ,
       0.9985359 , 0.99853516, 0.99853516, 0.99853516, 0.99853516,
       0.99853516, 0.99853444, 0.99853444, 0.99853444, 0.9985337 ,
       0.9985337 , 0.9985337 , 0.998533  , 0.998533  , 0.998533  ,
       0.9985323 , 0.9985323 , 0.9985323 , 0.9985316 , 0.9985316 ,
       0.99853086, 0.99853015, 0.99853015, 0.99853015, 0.99853015,
       0.99852943, 0.99852794, 0.9985272 , 0.9985258 , 0.9985258 ,
       0.9985258 , 0.99852437, 0.99852437, 0.9985236 , 0.9985236 ,
       0.9985236 , 0.9985229 , 0.9985229 , 0.9985229 , 0.9985229 ,
       0.9985229 , 0.99852216, 0.99852145, 0.99852145, 0.99852145,
       0.99852073, 0.99851924, 0.9985178 , 0.99851704, 0.9985156 ,
       0.9985156 , 0.9985141 , 0.9985141 , 0.9985141 , 0.9985141 ,
       0.9985134 , 0.9985134 , 0.9985134 , 0.9985126 , 0.9985104 ,
       0.9985097 , 0.99850744, 0.99850297, 0.9985015 , 0.9985015 ,
       0.9984985 , 0.99849623, 0.99848944, 0.9984864 , 0.9984756 ],
      dtype=float32), array([0.99982786, 0.9958685 , 0.9956963 , 0.995352  , 0.9951799 ,
       0.9951799 , 0.9951799 , 0.99500775, 0.9948356 , 0.9948356 ,
       0.9948356 , 0.9944913 , 0.9944913 , 0.994147  , 0.994147  ,
       0.994147  , 0.994147  , 0.994147  , 0.99397486, 0.99397486,
       0.99397486, 0.9938027 , 0.9938027 , 0.9938027 , 0.9936306 ,
       0.9936306 , 0.9936306 , 0.99345845, 0.99328625, 0.99328625,
       0.99328625, 0.99328625, 0.9931141 , 0.9931141 , 0.9931141 ,
       0.992942  , 0.992942  , 0.992942  , 0.992942  , 0.992942  ,
       0.992942  , 0.99276984, 0.99276984, 0.99276984, 0.9925977 ,
       0.9925977 , 0.9925977 , 0.9925977 , 0.9925977 , 0.9925977 ,
       0.9925977 , 0.99242556, 0.9922534 , 0.9920812 , 0.9920812 ,
       0.9920812 , 0.9920812 , 0.9919091 , 0.9919091 , 0.9919091 ,
       0.9919091 , 0.99173695, 0.99173695, 0.99173695, 0.99173695,
       0.99173695, 0.99173695, 0.99173695, 0.99173695, 0.99173695,
       0.9915648 , 0.9915648 , 0.9915648 , 0.9915648 , 0.9915648 ,
       0.9915648 , 0.9915648 , 0.9915648 , 0.9915648 , 0.9915648 ,
       0.9915648 , 0.9915648 , 0.9915648 , 0.9915648 , 0.9913927 ,
       0.9913927 , 0.99122053, 0.99122053, 0.9910484 , 0.9910484 ,
       0.9910484 , 0.9910484 , 0.9910484 , 0.9910484 , 0.9908762 ,
       0.9908762 , 0.9908762 , 0.9908762 , 0.9908762 , 0.9908762 ,
       0.9908762 , 0.9908762 , 0.9908762 , 0.9905319 , 0.9905319 ,
       0.9905319 , 0.9905319 , 0.9905319 , 0.9905319 , 0.9905319 ,
       0.9905319 , 0.9905319 , 0.9905319 , 0.9903598 , 0.99018764,
       0.99018764, 0.99018764, 0.35324496, 0.35324496, 0.35324496,
       0.35324496, 0.35307282, 0.35290068, 0.35272852, 0.35255638,
       0.35255638, 0.35255638, 0.35255638, 0.35255638, 0.35238424,
       0.35221207, 0.35203993, 0.35203993, 0.35203993, 0.35203993,
       0.35203993, 0.3518678 , 0.3518678 , 0.3518678 , 0.35169566,
       0.35169566, 0.35169566, 0.3515235 , 0.3515235 , 0.3515235 ,
       0.35135135, 0.35135135, 0.35135135, 0.3511792 , 0.3511792 ,
       0.35100704, 0.3508349 , 0.3508349 , 0.3508349 , 0.3508349 ,
       0.35066277, 0.35031846, 0.35014632, 0.34980202, 0.34980202,
       0.34980202, 0.34945774, 0.34945774, 0.3492856 , 0.3492856 ,
       0.3492856 , 0.34911343, 0.34911343, 0.34911343, 0.34911343,
       0.34911343, 0.3489413 , 0.34876916, 0.34876916, 0.34876916,
       0.348597  , 0.3482527 , 0.3479084 , 0.34773627, 0.347392  ,
       0.347392  , 0.3470477 , 0.3470477 , 0.3470477 , 0.3470477 ,
       0.34687555, 0.34687555, 0.34687555, 0.34670338, 0.34618697,
       0.3460148 , 0.34549835, 0.3444655 , 0.3441212 , 0.3441212 ,
       0.3434326 , 0.34291616, 0.34136686, 0.34067824, 0.3382682 ],
      dtype=float32), 0.8879462480545044, array([6.176e+03, 2.751e+03, 2.672e+03, 2.628e+03, 2.595e+03, 2.560e+03,
       2.541e+03, 2.515e+03, 2.492e+03, 2.479e+03, 2.466e+03, 2.451e+03,
       2.432e+03, 2.424e+03, 2.416e+03, 2.411e+03, 2.402e+03, 2.392e+03,
       2.374e+03, 2.367e+03, 2.357e+03, 2.355e+03, 2.340e+03, 2.337e+03,
       2.324e+03, 2.314e+03, 2.309e+03, 2.303e+03, 2.298e+03, 2.297e+03,
       2.293e+03, 2.283e+03, 2.275e+03, 2.266e+03, 2.261e+03, 2.259e+03,
       2.253e+03, 2.246e+03, 2.241e+03, 2.234e+03, 2.229e+03, 2.228e+03,
       2.220e+03, 2.215e+03, 2.210e+03, 2.204e+03, 2.199e+03, 2.194e+03,
       2.191e+03, 2.182e+03, 2.177e+03, 2.170e+03, 2.166e+03, 2.160e+03,
       2.155e+03, 2.146e+03, 2.142e+03, 2.136e+03, 2.130e+03, 2.124e+03,
       2.117e+03, 2.113e+03, 2.108e+03, 2.103e+03, 2.097e+03, 2.094e+03,
       2.088e+03, 2.080e+03, 2.076e+03, 2.070e+03, 2.061e+03, 2.053e+03,
       2.050e+03, 2.043e+03, 2.039e+03, 2.034e+03, 2.030e+03, 2.025e+03,
       2.018e+03, 2.014e+03, 2.008e+03, 2.002e+03, 1.998e+03, 1.990e+03,
       1.985e+03, 1.981e+03, 1.972e+03, 1.969e+03, 1.965e+03, 1.961e+03,
       1.953e+03, 1.947e+03, 1.941e+03, 1.935e+03, 1.933e+03, 1.929e+03,
       1.925e+03, 1.923e+03, 1.920e+03, 1.912e+03, 1.908e+03, 1.903e+03,
       1.897e+03, 1.889e+03, 1.882e+03, 1.880e+03, 1.867e+03, 1.862e+03,
       1.857e+03, 1.851e+03, 1.844e+03, 1.839e+03, 1.836e+03, 1.832e+03,
       1.822e+03, 1.818e+03, 1.812e+03, 3.000e+00, 3.000e+00, 3.000e+00,
       3.000e+00, 3.000e+00, 3.000e+00, 3.000e+00, 3.000e+00, 3.000e+00,
       3.000e+00, 3.000e+00, 3.000e+00, 3.000e+00, 3.000e+00, 3.000e+00,
       3.000e+00, 3.000e+00, 3.000e+00, 3.000e+00, 3.000e+00, 3.000e+00,
       3.000e+00, 3.000e+00, 3.000e+00, 3.000e+00, 3.000e+00, 3.000e+00,
       3.000e+00, 3.000e+00, 3.000e+00, 3.000e+00, 3.000e+00, 3.000e+00,
       3.000e+00, 3.000e+00, 3.000e+00, 3.000e+00, 3.000e+00, 3.000e+00,
       3.000e+00, 3.000e+00, 3.000e+00, 3.000e+00, 3.000e+00, 3.000e+00,
       3.000e+00, 3.000e+00, 3.000e+00, 3.000e+00, 3.000e+00, 3.000e+00,
       3.000e+00, 3.000e+00, 3.000e+00, 3.000e+00, 3.000e+00, 3.000e+00,
       3.000e+00, 3.000e+00, 3.000e+00, 3.000e+00, 3.000e+00, 3.000e+00,
       3.000e+00, 3.000e+00, 3.000e+00, 3.000e+00, 3.000e+00, 3.000e+00,
       3.000e+00, 3.000e+00, 3.000e+00, 3.000e+00, 3.000e+00, 3.000e+00,
       3.000e+00, 3.000e+00, 3.000e+00, 3.000e+00, 3.000e+00, 3.000e+00,
       3.000e+00, 3.000e+00], dtype=float32), array([1763., 5188., 5267., 5311., 5344., 5379., 5398., 5424., 5447.,
       5460., 5473., 5488., 5507., 5515., 5523., 5528., 5537., 5547.,
       5565., 5572., 5582., 5584., 5599., 5602., 5615., 5625., 5630.,
       5636., 5641., 5642., 5646., 5656., 5664., 5673., 5678., 5680.,
       5686., 5693., 5698., 5705., 5710., 5711., 5719., 5724., 5729.,
       5735., 5740., 5745., 5748., 5757., 5762., 5769., 5773., 5779.,
       5784., 5793., 5797., 5803., 5809., 5815., 5822., 5826., 5831.,
       5836., 5842., 5845., 5851., 5859., 5863., 5869., 5878., 5886.,
       5889., 5896., 5900., 5905., 5909., 5914., 5921., 5925., 5931.,
       5937., 5941., 5949., 5954., 5958., 5967., 5970., 5974., 5978.,
       5986., 5992., 5998., 6004., 6006., 6010., 6014., 6016., 6019.,
       6027., 6031., 6036., 6042., 6050., 6057., 6059., 6072., 6077.,
       6082., 6088., 6095., 6100., 6103., 6107., 6117., 6121., 6127.,
       7936., 7936., 7936., 7936., 7936., 7936., 7936., 7936., 7936.,
       7936., 7936., 7936., 7936., 7936., 7936., 7936., 7936., 7936.,
       7936., 7936., 7936., 7936., 7936., 7936., 7936., 7936., 7936.,
       7936., 7936., 7936., 7936., 7936., 7936., 7936., 7936., 7936.,
       7936., 7936., 7936., 7936., 7936., 7936., 7936., 7936., 7936.,
       7936., 7936., 7936., 7936., 7936., 7936., 7936., 7936., 7936.,
       7936., 7936., 7936., 7936., 7936., 7936., 7936., 7936., 7936.,
       7936., 7936., 7936., 7936., 7936., 7936., 7936., 7936., 7936.,
       7936., 7936., 7936., 7936., 7936., 7936., 7936., 7936., 7936.,
       7936., 7936.], dtype=float32), 0.9226911067962646]