[0.07297376543283463, 0.9825429320335388, array([0.43106264, 0.80790645, 0.8380526 , 0.8554359 , 0.86679626,
       0.87567973, 0.8823082 , 0.8881226 , 0.8927581 , 0.897877  ,
       0.9006375 , 0.9034472 , 0.90613264, 0.908549  , 0.9109783 ,
       0.9131326 , 0.91486335, 0.9170361 , 0.9187817 , 0.92038774,
       0.92198694, 0.9234572 , 0.92418194, 0.9255115 , 0.9268449 ,
       0.9281821 , 0.92876625, 0.9302475 , 0.93099564, 0.9312953 ,
       0.9321952 , 0.9329465 , 0.93384963, 0.9349055 , 0.93505657,
       0.9356612 , 0.93611515, 0.93672115, 0.93747973, 0.9383917 ,
       0.939153  , 0.93961036, 0.94083226, 0.94128174, 0.94158804,
       0.94266164, 0.9432763 , 0.9441997 , 0.9446621 , 0.9449706 ,
       0.94543374, 0.94558823, 0.946671  , 0.9468259 , 0.9472909 ,
       0.94760114, 0.94806683, 0.9482137 , 0.9486717 , 0.9497619 ,
       0.95022994, 0.95038605, 0.951011  , 0.9517934 , 0.9517934 ,
       0.9532048 , 0.95383346, 0.95399076, 0.954133  , 0.9550784 ,
       0.9552362 , 0.9560185 , 0.95648575, 0.9569608 , 0.95743626,
       0.9579122 , 0.95854753, 0.95870644, 0.95901775, 0.95949537,
       0.959814  , 0.9602924 , 0.960931  , 0.96156406, 0.9617241 ,
       0.9620443 , 0.9623647 , 0.9626791 , 0.963     , 0.963     ,
       0.96299386, 0.9631544 , 0.963315  , 0.96347564, 0.96379715,
       0.96411884, 0.96442884, 0.9649123 , 0.9652348 , 0.9652348 ,
       0.9655576 , 0.9662038 , 0.96636546, 0.966689  , 0.96717465,
       0.96717465, 0.96717465, 0.96717465, 0.9678176 , 0.9679799 ,
       0.96846694, 0.96846694, 0.9686294 , 0.9686294 , 0.96879196,
       0.96879196, 0.9689545 , 0.9692798 , 0.9696054 , 0.9699311 ,
       0.9702521 , 0.9705784 , 0.9707366 , 0.97089994, 0.97105837,
       0.97105837, 0.9712218 , 0.9712218 , 0.9713853 , 0.9715488 ,
       0.9717124 , 0.971876  , 0.9723673 , 0.97252655, 0.9725173 ,
       0.9728407 , 0.9730049 , 0.9734976 , 0.973662  , 0.9739865 ,
       0.97431564, 0.97448033, 0.974645  , 0.9748098 , 0.9752961 ,
       0.9754612 , 0.9757832 , 0.9762792 , 0.9766062 , 0.97693354,
       0.9769296 , 0.9772573 , 0.9774194 , 0.9774117 , 0.9774117 ,
       0.9779099 , 0.9782387 , 0.97839767, 0.97889   , 0.97905314,
       0.9793797 , 0.9795362 , 0.9795362 , 0.9800239 , 0.98019123,
       0.9801879 , 0.9801879 , 0.9803553 , 0.98051614, 0.98084813,
       0.98151636, 0.98151004, 0.98184   , 0.9820051 , 0.9820021 ,
       0.981999  , 0.9821612 , 0.9821551 , 0.9824802 , 0.98264605,
       0.98264605, 0.9828031 , 0.9836461 , 0.98431844, 0.98515964,
       0.98583275, 0.98650986, 0.986669  , 0.98699945, 0.9875    ,
       0.98800415, 0.9886858 , 0.98936725, 0.9895361 , 0.9902166 ,
       0.99089795, 0.99088037, 0.9919057 , 0.99292785, 0.9942969 ],
      dtype=float32), array([1.        , 0.99913925, 0.99862283, 0.99827856, 0.99810636,
       0.9979342 , 0.99758995, 0.99758995, 0.9974178 , 0.9974178 ,
       0.99707353, 0.99707353, 0.99707353, 0.99707353, 0.99707353,
       0.99707353, 0.99707353, 0.99707353, 0.99707353, 0.99707353,
       0.99690133, 0.99690133, 0.9967292 , 0.9967292 , 0.9967292 ,
       0.9967292 , 0.99655706, 0.9963849 , 0.9963849 , 0.9963849 ,
       0.9963849 , 0.9963849 , 0.9963849 , 0.9963849 , 0.9963849 ,
       0.9963849 , 0.9963849 , 0.9963849 , 0.9963849 , 0.9963849 ,
       0.9963849 , 0.9963849 , 0.9963849 , 0.9962128 , 0.9962128 ,
       0.9962128 , 0.9962128 , 0.9962128 , 0.9962128 , 0.9962128 ,
       0.9962128 , 0.9962128 , 0.9962128 , 0.9962128 , 0.9962128 ,
       0.9962128 , 0.9962128 , 0.99604064, 0.9958685 , 0.9958685 ,
       0.9958685 , 0.9958685 , 0.9958685 , 0.9958685 , 0.9958685 ,
       0.9958685 , 0.9958685 , 0.9958685 , 0.99552417, 0.99552417,
       0.99552417, 0.995352  , 0.9951799 , 0.9951799 , 0.9951799 ,
       0.9951799 , 0.9951799 , 0.9951799 , 0.99500775, 0.99500775,
       0.99500775, 0.99500775, 0.99500775, 0.9948356 , 0.9948356 ,
       0.9948356 , 0.9948356 , 0.9946635 , 0.9946635 , 0.9946635 ,
       0.9944913 , 0.9944913 , 0.9944913 , 0.9944913 , 0.9944913 ,
       0.9944913 , 0.994147  , 0.994147  , 0.994147  , 0.994147  ,
       0.994147  , 0.994147  , 0.994147  , 0.994147  , 0.994147  ,
       0.994147  , 0.994147  , 0.994147  , 0.99397486, 0.99397486,
       0.99397486, 0.99397486, 0.99397486, 0.99397486, 0.99397486,
       0.99397486, 0.99397486, 0.99397486, 0.99397486, 0.99397486,
       0.9938027 , 0.9938027 , 0.9936306 , 0.9936306 , 0.99345845,
       0.99345845, 0.99345845, 0.99345845, 0.99345845, 0.99345845,
       0.99345845, 0.99345845, 0.99345845, 0.99328625, 0.992942  ,
       0.99276984, 0.99276984, 0.99276984, 0.99276984, 0.9925977 ,
       0.9925977 , 0.9925977 , 0.9925977 , 0.9925977 , 0.9922534 ,
       0.9922534 , 0.9919091 , 0.9919091 , 0.99173695, 0.9915648 ,
       0.9913927 , 0.99122053, 0.9910484 , 0.99070406, 0.99070406,
       0.99070406, 0.9905319 , 0.99018764, 0.98984337, 0.9896712 ,
       0.9893269 , 0.9888105 , 0.9888105 , 0.98812187, 0.98812187,
       0.9879497 , 0.9879497 , 0.9879497 , 0.98760545, 0.9874333 ,
       0.9872612 , 0.98691684, 0.98657256, 0.9864004 , 0.9862283 ,
       0.98605615, 0.9857118 , 0.98536754, 0.9846789 , 0.9845068 ,
       0.9845068 , 0.98381823, 0.9836461 , 0.98330176, 0.98278534,
       0.98226887, 0.9819246 , 0.98106384, 0.98020315, 0.97917026,
       0.9783095 , 0.9777931 , 0.9771045 , 0.9767602 , 0.9757273 ,
       0.9745223 , 0.97262865, 0.9703908 , 0.9667757 , 0.96040624],
      dtype=float32), 0.993281900882721, array([7667., 1380., 1121.,  980.,  891.,  823.,  773.,  730.,  696.,
        659.,  639.,  619.,  600.,  583.,  566.,  551.,  539.,  524.,
        512.,  501.,  490.,  480.,  475.,  466.,  457.,  448.,  444.,
        434.,  429.,  427.,  421.,  416.,  410.,  403.,  402.,  398.,
        395.,  391.,  386.,  380.,  375.,  372.,  364.,  361.,  359.,
        352.,  348.,  342.,  339.,  337.,  334.,  333.,  326.,  325.,
        322.,  320.,  317.,  316.,  313.,  306.,  303.,  302.,  298.,
        293.,  293.,  284.,  280.,  279.,  278.,  272.,  271.,  266.,
        263.,  260.,  257.,  254.,  250.,  249.,  247.,  244.,  242.,
        239.,  235.,  231.,  230.,  228.,  226.,  224.,  222.,  222.,
        222.,  221.,  220.,  219.,  217.,  215.,  213.,  210.,  208.,
        208.,  206.,  202.,  201.,  199.,  196.,  196.,  196.,  196.,
        192.,  191.,  188.,  188.,  187.,  187.,  186.,  186.,  185.,
        183.,  181.,  179.,  177.,  175.,  174.,  173.,  172.,  172.,
        171.,  171.,  170.,  169.,  168.,  167.,  164.,  163.,  163.,
        161.,  160.,  157.,  156.,  154.,  152.,  151.,  150.,  149.,
        146.,  145.,  143.,  140.,  138.,  136.,  136.,  134.,  133.,
        133.,  133.,  130.,  128.,  127.,  124.,  123.,  121.,  120.,
        120.,  117.,  116.,  116.,  116.,  115.,  114.,  112.,  108.,
        108.,  106.,  105.,  105.,  105.,  104.,  104.,  102.,  101.,
        101.,  100.,   95.,   91.,   86.,   82.,   78.,   77.,   75.,
         72.,   69.,   65.,   61.,   60.,   56.,   52.,   52.,   46.,
         40.,   32.], dtype=float32), array([ 272., 6559., 6818., 6959., 7048., 7116., 7166., 7209., 7243.,
       7280., 7300., 7320., 7339., 7356., 7373., 7388., 7400., 7415.,
       7427., 7438., 7449., 7459., 7464., 7473., 7482., 7491., 7495.,
       7505., 7510., 7512., 7518., 7523., 7529., 7536., 7537., 7541.,
       7544., 7548., 7553., 7559., 7564., 7567., 7575., 7578., 7580.,
       7587., 7591., 7597., 7600., 7602., 7605., 7606., 7613., 7614.,
       7617., 7619., 7622., 7623., 7626., 7633., 7636., 7637., 7641.,
       7646., 7646., 7655., 7659., 7660., 7661., 7667., 7668., 7673.,
       7676., 7679., 7682., 7685., 7689., 7690., 7692., 7695., 7697.,
       7700., 7704., 7708., 7709., 7711., 7713., 7715., 7717., 7717.,
       7717., 7718., 7719., 7720., 7722., 7724., 7726., 7729., 7731.,
       7731., 7733., 7737., 7738., 7740., 7743., 7743., 7743., 7743.,
       7747., 7748., 7751., 7751., 7752., 7752., 7753., 7753., 7754.,
       7756., 7758., 7760., 7762., 7764., 7765., 7766., 7767., 7767.,
       7768., 7768., 7769., 7770., 7771., 7772., 7775., 7776., 7776.,
       7778., 7779., 7782., 7783., 7785., 7787., 7788., 7789., 7790.,
       7793., 7794., 7796., 7799., 7801., 7803., 7803., 7805., 7806.,
       7806., 7806., 7809., 7811., 7812., 7815., 7816., 7818., 7819.,
       7819., 7822., 7823., 7823., 7823., 7824., 7825., 7827., 7831.,
       7831., 7833., 7834., 7834., 7834., 7835., 7835., 7837., 7838.,
       7838., 7839., 7844., 7848., 7853., 7857., 7861., 7862., 7864.,
       7867., 7870., 7874., 7878., 7879., 7883., 7887., 7887., 7893.,
       7899., 7907.], dtype=float32), 0.9968793392181396]