[0.24702678620815277, 0.9064590930938721, array([0.4225342 , 0.47224483, 0.5117512 , 0.5483412 , 0.57961845,
       0.60459507, 0.6271519 , 0.6468799 , 0.6633526 , 0.67982924,
       0.69248456, 0.70455664, 0.71489364, 0.7256299 , 0.7351763 ,
       0.7439392 , 0.7518248 , 0.75926423, 0.7651926 , 0.772428  ,
       0.77779317, 0.7826391 , 0.7884263 , 0.7929465 , 0.79648167,
       0.80100864, 0.80739015, 0.81132907, 0.81443906, 0.818518  ,
       0.82158786, 0.8258721 , 0.82856715, 0.8325504 , 0.8356936 ,
       0.8395894 , 0.8425427 , 0.8454405 , 0.8475865 , 0.85046   ,
       0.852803  , 0.856715  , 0.8598605 , 0.86253583, 0.86555696,
       0.8677393 , 0.87052923, 0.8728662 , 0.87534714, 0.8766383 ,
       0.87963116, 0.8813027 , 0.8834661 , 0.88491005, 0.88588136,
       0.8873428 , 0.8880296 , 0.8894328 , 0.89098   , 0.8934468 ,
       0.8950786 , 0.89635086, 0.8987778 , 0.89937866, 0.90013844,
       0.9018586 , 0.90329325, 0.9047952 , 0.90513766, 0.906944  ,
       0.9082715 , 0.9093811 , 0.9112932 , 0.9128571 , 0.91461885,
       0.9168317 , 0.9182458 , 0.91941327, 0.9203781 , 0.9210286 ,
       0.923246  , 0.92385507, 0.9254475 , 0.9277912 , 0.9283061 ,
       0.9302109 , 0.9310603 , 0.9324426 , 0.93384993, 0.9347991 ,
       0.93555135, 0.9370109 , 0.93845856, 0.93923074, 0.93983805,
       0.9417006 , 0.94214714, 0.9436098 , 0.94490194, 0.9462175 ,
       0.9473788 , 0.9482896 , 0.94987017, 0.95056045, 0.95098436,
       0.95238096, 0.9529698 , 0.95404637, 0.95518726, 0.9556468 ,
       0.9565038 , 0.95776397, 0.95840263, 0.9590387 , 0.95990765,
       0.96055686, 0.96063495, 0.9613013 , 0.9619495 , 0.96245444,
       0.96311474, 0.96397567, 0.964239  , 0.9640666 , 0.9649239 ,
       0.9653641 , 0.9654095 , 0.9662846 , 0.96677214, 0.96742594,
       0.9679046 , 0.96799445, 0.96773446, 0.9682688 , 0.9680901 ,
       0.96833646, 0.96923447, 0.96973336, 0.9702683 , 0.97023666,
       0.97029215, 0.97050804, 0.97076464, 0.97055864, 0.97155195,
       0.97156036, 0.97233   , 0.9729096 , 0.9736842 , 0.97396386,
       0.97449666, 0.9753588 , 0.97677594, 0.97679555, 0.9770886 ,
       0.9779537 , 0.97822976, 0.97831744, 0.978898  , 0.9795009 ,
       0.9801802 , 0.9805175 , 0.98056155, 0.98088974, 0.98117423,
       0.98183   , 0.9825255 , 0.9825269 , 0.9825043 , 0.9825297 ,
       0.9833156 , 0.9837721 , 0.9845758 , 0.98493975, 0.9850058 ,
       0.9861824 , 0.9866774 , 0.98632973, 0.9872123 , 0.9876543 ,
       0.9881224 , 0.9895784 , 0.9896755 , 0.990755  , 0.99138397,
       0.99096555, 0.9917453 , 0.9919654 , 0.99221283, 0.9931507 ,
       0.99271137, 0.9928628 , 0.99471366, 0.99502486, 0.9955654 ,
       0.99612904, 0.9953917 , 0.99423075, 0.99444443, 1.        ],
      dtype=float32), array([1.        , 0.998795  , 0.99707353, 0.9958685 , 0.9938027 ,
       0.9920812 , 0.9908762 , 0.98863834, 0.9877776 , 0.98691684,
       0.98502326, 0.9848511 , 0.98330176, 0.9815803 , 0.9796867 ,
       0.9772766 , 0.9752109 , 0.9734894 , 0.97107935, 0.9693579 ,
       0.96591496, 0.9638492 , 0.9616113 , 0.9598898 , 0.9586848 ,
       0.95696336, 0.955414  , 0.95420897, 0.9535204 , 0.95265967,
       0.9512825 , 0.949561  , 0.9476674 , 0.9457738 , 0.9447409 ,
       0.9433637 , 0.94233084, 0.9416423 , 0.940093  , 0.93888795,
       0.9375108 , 0.93561715, 0.9337235 , 0.9321742 , 0.9309692 ,
       0.928387  , 0.92597693, 0.9242555 , 0.92236185, 0.9211568 ,
       0.9196075 , 0.9177139 , 0.9161646 , 0.9146153 , 0.91272163,
       0.91117233, 0.9092787 , 0.9070408 , 0.9046307 , 0.9035979 ,
       0.90170425, 0.90067136, 0.8987778 , 0.8970563 , 0.89533484,
       0.8937855 , 0.8924083 , 0.88999826, 0.8886211 , 0.88586676,
       0.88466173, 0.8827681 , 0.8807024 , 0.88001376, 0.87777585,
       0.87674296, 0.87588227, 0.8739886 , 0.8715786 , 0.86934066,
       0.8676192 , 0.86469275, 0.8633155 , 0.86262697, 0.86038905,
       0.85815114, 0.85556895, 0.85298675, 0.8505767 , 0.8490274 ,
       0.84713376, 0.845068  , 0.8426579 , 0.84076434, 0.83904284,
       0.8369771 , 0.83542776, 0.8325013 , 0.8295748 , 0.82682043,
       0.8244104 , 0.8207953 , 0.8187296 , 0.81752455, 0.81494236,
       0.8125323 , 0.8092615 , 0.8077122 , 0.80358064, 0.8011706 ,
       0.79876053, 0.7963505 , 0.7932519 , 0.78998107, 0.78722674,
       0.78395593, 0.78137374, 0.7782751 , 0.77466   , 0.77224994,
       0.76863486, 0.7646755 , 0.76123255, 0.75744534, 0.7529695 ,
       0.74849373, 0.7447065 , 0.74005854, 0.7362713 , 0.7311069 ,
       0.72680324, 0.7237046 , 0.71767944, 0.7144087 , 0.71027714,
       0.70545703, 0.69960403, 0.6949561 , 0.6909967 , 0.6846273 ,
       0.68032366, 0.6741263 , 0.6687898 , 0.6639697 , 0.65846103,
       0.6527802 , 0.64727145, 0.6429678 , 0.6369427 , 0.6310897 ,
       0.6248924 , 0.6200723 , 0.61542434, 0.60871065, 0.6019969 ,
       0.5956275 , 0.58788085, 0.5825443 , 0.5749699 , 0.5675676 ,
       0.5618867 , 0.5544844 , 0.5470821 , 0.5389912 , 0.529351  ,
       0.5209158 , 0.5129971 , 0.5033569 , 0.49302807, 0.48407644,
       0.47684628, 0.46961612, 0.46152523, 0.45033568, 0.44103977,
       0.4300224 , 0.42072645, 0.4098812 , 0.39869168, 0.38560852,
       0.37235326, 0.3596144 , 0.34653124, 0.33207092, 0.316922  ,
       0.3021174 , 0.2895507 , 0.2762954 , 0.26321226, 0.24961267,
       0.23446377, 0.21552762, 0.1943536 , 0.17214666, 0.15458772,
       0.13289723, 0.11155104, 0.08899983, 0.06162851, 0.03529007],
      dtype=float32), 0.9600982666015625, array([7.939e+03, 6.484e+03, 5.526e+03, 4.765e+03, 4.187e+03, 3.769e+03,
       3.422e+03, 3.135e+03, 2.912e+03, 2.700e+03, 2.541e+03, 2.399e+03,
       2.278e+03, 2.156e+03, 2.050e+03, 1.954e+03, 1.870e+03, 1.793e+03,
       1.731e+03, 1.659e+03, 1.603e+03, 1.555e+03, 1.499e+03, 1.456e+03,
       1.423e+03, 1.381e+03, 1.324e+03, 1.289e+03, 1.262e+03, 1.227e+03,
       1.200e+03, 1.163e+03, 1.139e+03, 1.105e+03, 1.079e+03, 1.047e+03,
       1.023e+03, 1.000e+03, 9.820e+02, 9.590e+02, 9.400e+02, 9.090e+02,
       8.840e+02, 8.630e+02, 8.400e+02, 8.220e+02, 8.000e+02, 7.820e+02,
       7.630e+02, 7.530e+02, 7.310e+02, 7.180e+02, 7.020e+02, 6.910e+02,
       6.830e+02, 6.720e+02, 6.660e+02, 6.550e+02, 6.430e+02, 6.260e+02,
       6.140e+02, 6.050e+02, 5.880e+02, 5.830e+02, 5.770e+02, 5.650e+02,
       5.550e+02, 5.440e+02, 5.410e+02, 5.280e+02, 5.190e+02, 5.110e+02,
       4.980e+02, 4.880e+02, 4.760e+02, 4.620e+02, 4.530e+02, 4.450e+02,
       4.380e+02, 4.330e+02, 4.190e+02, 4.140e+02, 4.040e+02, 3.900e+02,
       3.860e+02, 3.740e+02, 3.680e+02, 3.590e+02, 3.500e+02, 3.440e+02,
       3.390e+02, 3.300e+02, 3.210e+02, 3.160e+02, 3.120e+02, 3.010e+02,
       2.980e+02, 2.890e+02, 2.810e+02, 2.730e+02, 2.660e+02, 2.600e+02,
       2.510e+02, 2.470e+02, 2.440e+02, 2.360e+02, 2.320e+02, 2.260e+02,
       2.190e+02, 2.160e+02, 2.110e+02, 2.040e+02, 2.000e+02, 1.960e+02,
       1.910e+02, 1.870e+02, 1.860e+02, 1.820e+02, 1.780e+02, 1.750e+02,
       1.710e+02, 1.660e+02, 1.640e+02, 1.640e+02, 1.590e+02, 1.560e+02,
       1.550e+02, 1.500e+02, 1.470e+02, 1.430e+02, 1.400e+02, 1.390e+02,
       1.390e+02, 1.360e+02, 1.360e+02, 1.340e+02, 1.290e+02, 1.260e+02,
       1.230e+02, 1.220e+02, 1.210e+02, 1.190e+02, 1.170e+02, 1.170e+02,
       1.120e+02, 1.110e+02, 1.070e+02, 1.040e+02, 1.000e+02, 9.800e+01,
       9.500e+01, 9.100e+01, 8.500e+01, 8.400e+01, 8.200e+01, 7.800e+01,
       7.600e+01, 7.500e+01, 7.200e+01, 6.900e+01, 6.600e+01, 6.400e+01,
       6.300e+01, 6.100e+01, 5.900e+01, 5.600e+01, 5.300e+01, 5.200e+01,
       5.100e+01, 5.000e+01, 4.700e+01, 4.500e+01, 4.200e+01, 4.000e+01,
       3.900e+01, 3.500e+01, 3.300e+01, 3.300e+01, 3.000e+01, 2.800e+01,
       2.600e+01, 2.200e+01, 2.100e+01, 1.800e+01, 1.600e+01, 1.600e+01,
       1.400e+01, 1.300e+01, 1.200e+01, 1.000e+01, 1.000e+01, 9.000e+00,
       6.000e+00, 5.000e+00, 4.000e+00, 3.000e+00, 3.000e+00, 3.000e+00,
       2.000e+00, 0.000e+00], dtype=float32), array([   0., 1455., 2413., 3174., 3752., 4170., 4517., 4804., 5027.,
       5239., 5398., 5540., 5661., 5783., 5889., 5985., 6069., 6146.,
       6208., 6280., 6336., 6384., 6440., 6483., 6516., 6558., 6615.,
       6650., 6677., 6712., 6739., 6776., 6800., 6834., 6860., 6892.,
       6916., 6939., 6957., 6980., 6999., 7030., 7055., 7076., 7099.,
       7117., 7139., 7157., 7176., 7186., 7208., 7221., 7237., 7248.,
       7256., 7267., 7273., 7284., 7296., 7313., 7325., 7334., 7351.,
       7356., 7362., 7374., 7384., 7395., 7398., 7411., 7420., 7428.,
       7441., 7451., 7463., 7477., 7486., 7494., 7501., 7506., 7520.,
       7525., 7535., 7549., 7553., 7565., 7571., 7580., 7589., 7595.,
       7600., 7609., 7618., 7623., 7627., 7638., 7641., 7650., 7658.,
       7666., 7673., 7679., 7688., 7692., 7695., 7703., 7707., 7713.,
       7720., 7723., 7728., 7735., 7739., 7743., 7748., 7752., 7753.,
       7757., 7761., 7764., 7768., 7773., 7775., 7775., 7780., 7783.,
       7784., 7789., 7792., 7796., 7799., 7800., 7800., 7803., 7803.,
       7805., 7810., 7813., 7816., 7817., 7818., 7820., 7822., 7822.,
       7827., 7828., 7832., 7835., 7839., 7841., 7844., 7848., 7854.,
       7855., 7857., 7861., 7863., 7864., 7867., 7870., 7873., 7875.,
       7876., 7878., 7880., 7883., 7886., 7887., 7888., 7889., 7892.,
       7894., 7897., 7899., 7900., 7904., 7906., 7906., 7909., 7911.,
       7913., 7917., 7918., 7921., 7923., 7923., 7925., 7926., 7927.,
       7929., 7929., 7930., 7933., 7934., 7935., 7936., 7936., 7936.,
       7937., 7939.], dtype=float32), 0.9696953296661377]