[0.30795928835868835, 0.8809281587600708, array([0.4225342 , 0.44221985, 0.45351472, 0.46342245, 0.47278076,
       0.48263192, 0.49149516, 0.5004765 , 0.5088601 , 0.5173465 ,
       0.5244291 , 0.53199744, 0.5390303 , 0.5454287 , 0.5519693 ,
       0.5589209 , 0.5646352 , 0.5707599 , 0.5758246 , 0.5818237 ,
       0.5876787 , 0.59269255, 0.59813476, 0.6035121 , 0.60869104,
       0.6138838 , 0.6185455 , 0.62268496, 0.6272235 , 0.6326827 ,
       0.6384728 , 0.6427193 , 0.6465478 , 0.6507425 , 0.654158  ,
       0.65753263, 0.66173536, 0.66407174, 0.6681321 , 0.67156863,
       0.67552936, 0.6801212 , 0.68258804, 0.68585426, 0.6888396 ,
       0.6919073 , 0.6950885 , 0.6981818 , 0.70141166, 0.7042807 ,
       0.7073574 , 0.70971864, 0.7131833 , 0.71618825, 0.71875405,
       0.72157013, 0.72526896, 0.728268  , 0.7316976 , 0.73428345,
       0.73768735, 0.7404519 , 0.7431391 , 0.74524975, 0.74829465,
       0.75116533, 0.7541684 , 0.75772697, 0.7599444 , 0.7618649 ,
       0.7642607 , 0.7669575 , 0.7697201 , 0.77192736, 0.77340746,
       0.77605957, 0.77824086, 0.78092486, 0.7832462 , 0.78551656,
       0.7879497 , 0.7899456 , 0.7936696 , 0.79543096, 0.79797226,
       0.7993121 , 0.8028275 , 0.8048302 , 0.80706275, 0.8099954 ,
       0.81205076, 0.8133149 , 0.8167927 , 0.81908303, 0.8221738 ,
       0.8241638 , 0.8260938 , 0.8284769 , 0.8296156 , 0.8322991 ,
       0.8333333 , 0.8353375 , 0.83676755, 0.8385274 , 0.8409423 ,
       0.8429456 , 0.8446189 , 0.8462297 , 0.8478799 , 0.85055566,
       0.8515248 , 0.85400605, 0.85661334, 0.85852253, 0.85962224,
       0.86126775, 0.8622169 , 0.86466426, 0.8650711 , 0.8661445 ,
       0.8674004 , 0.87016183, 0.8718175 , 0.87291145, 0.8742419 ,
       0.8758967 , 0.8771645 , 0.8789751 , 0.8808347 , 0.8820607 ,
       0.88284284, 0.8852245 , 0.8872632 , 0.88895184, 0.8911513 ,
       0.8918867 , 0.8934615 , 0.8955224 , 0.8974409 , 0.8994083 ,
       0.9       , 0.90154094, 0.9023406 , 0.90383047, 0.9056332 ,
       0.90831953, 0.9089583 , 0.91075563, 0.9126461 , 0.91569895,
       0.91719055, 0.91836286, 0.9190086 , 0.9200357 , 0.92229503,
       0.9233751 , 0.92426693, 0.9249123 , 0.92659247, 0.9276616 ,
       0.9283276 , 0.92901313, 0.9307154 , 0.93282634, 0.9339841 ,
       0.9354586 , 0.9365206 , 0.9383746 , 0.93903774, 0.94009984,
       0.94227505, 0.94505495, 0.9469472 , 0.9477025 , 0.94952   ,
       0.9509494 , 0.9524585 , 0.953411  , 0.95650685, 0.9583774 ,
       0.95827234, 0.95945436, 0.9602362 , 0.96314496, 0.9658994 ,
       0.96548635, 0.9680901 , 0.96908736, 0.9690126 , 0.97226936,
       0.9727891 , 0.9736842 , 0.97548294, 0.9759735 , 0.97928435,
       0.9803063 , 0.9835391 , 0.9872958 , 0.9893899 , 0.99441344],
      dtype=float32), array([1.        , 1.        , 0.9984507 , 0.9967292 , 0.9956963 ,
       0.99500775, 0.9948356 , 0.9944913 , 0.9936306 , 0.99345845,
       0.9922534 , 0.99173695, 0.9913927 , 0.9900155 , 0.98915476,
       0.9879497 , 0.9872612 , 0.98657256, 0.9857118 , 0.9841625 ,
       0.9836461 , 0.9829575 , 0.9826132 , 0.98209673, 0.9814082 ,
       0.9803753 , 0.97951454, 0.9781374 , 0.9772766 , 0.97641593,
       0.97589946, 0.97486657, 0.97366154, 0.9731451 , 0.9722844 ,
       0.9707351 , 0.9702186 , 0.96918577, 0.96798074, 0.96694785,
       0.9666035 , 0.96591496, 0.96436566, 0.9640213 , 0.96264416,
       0.96109486, 0.9598898 , 0.95851266, 0.9579962 , 0.95730764,
       0.956619  , 0.955414  , 0.9545533 , 0.9535204 , 0.9533483 ,
       0.9524875 , 0.9516268 , 0.95042175, 0.9497332 , 0.9490446 ,
       0.94887245, 0.94783956, 0.94629025, 0.94525737, 0.9442245 ,
       0.9431916 , 0.9421587 , 0.9411258 , 0.9406094 , 0.9395765 ,
       0.9387158 , 0.93819934, 0.9373386 , 0.93630576, 0.93424   ,
       0.93303496, 0.9321742 , 0.9302806 , 0.92873126, 0.9280427 ,
       0.92752624, 0.9251162 , 0.923739  , 0.92305046, 0.92132896,
       0.92012393, 0.9189189 , 0.917886  , 0.916681  , 0.9151317 ,
       0.9140988 , 0.91272163, 0.9110002 , 0.9103116 , 0.9089344 ,
       0.9077294 , 0.90686864, 0.9054915 , 0.90273714, 0.9004992 ,
       0.8977449 , 0.89688414, 0.89481837, 0.8939577 , 0.89103115,
       0.89068687, 0.8889654 , 0.8867275 , 0.88466173, 0.8827681 ,
       0.8796695 , 0.8770873 , 0.87519366, 0.8722672 , 0.869685  ,
       0.86779135, 0.865037  , 0.8622827 , 0.8586676 , 0.85660183,
       0.8547082 , 0.85143745, 0.8488552 , 0.8454123 , 0.8436908 ,
       0.84076434, 0.83714926, 0.83267343, 0.8283698 , 0.8252711 ,
       0.82113963, 0.8178688 , 0.81425375, 0.8102944 , 0.80616283,
       0.8023756 , 0.7997934 , 0.7953176 , 0.7908418 , 0.7849888 ,
       0.78085726, 0.77552074, 0.7698399 , 0.7636426 , 0.7583061 ,
       0.75555176, 0.7510759 , 0.74487865, 0.7391978 , 0.7330005 ,
       0.72835255, 0.7223274 , 0.7149251 , 0.7090721 , 0.70287484,
       0.69702184, 0.6891031 , 0.68066794, 0.6736099 , 0.66448617,
       0.6555345 , 0.6465829 , 0.64055777, 0.63349974, 0.6259253 ,
       0.6162851 , 0.60698915, 0.60027546, 0.5913238 , 0.5835772 ,
       0.5732484 , 0.56257534, 0.5500086 , 0.5396798 , 0.5278017 ,
       0.5173007 , 0.503529  , 0.4932002 , 0.48080564, 0.4677225 ,
       0.45068   , 0.43587536, 0.41986573, 0.40488896, 0.39008436,
       0.37080392, 0.35513857, 0.33998966, 0.3176106 , 0.29574797,
       0.2707867 , 0.24840765, 0.22602858, 0.20278877, 0.17903253,
       0.15424341, 0.12342916, 0.09364779, 0.06421071, 0.03064211],
      dtype=float32), 0.923093318939209, array([7.939e+03, 7.327e+03, 6.989e+03, 6.704e+03, 6.450e+03, 6.196e+03,
       5.979e+03, 5.766e+03, 5.571e+03, 5.384e+03, 5.227e+03, 5.068e+03,
       4.925e+03, 4.793e+03, 4.664e+03, 4.529e+03, 4.422e+03, 4.310e+03,
       4.218e+03, 4.109e+03, 4.009e+03, 3.924e+03, 3.835e+03, 3.748e+03,
       3.665e+03, 3.582e+03, 3.509e+03, 3.443e+03, 3.374e+03, 3.293e+03,
       3.210e+03, 3.148e+03, 3.092e+03, 3.034e+03, 2.986e+03, 2.937e+03,
       2.881e+03, 2.848e+03, 2.793e+03, 2.747e+03, 2.697e+03, 2.639e+03,
       2.605e+03, 2.565e+03, 2.526e+03, 2.486e+03, 2.446e+03, 2.407e+03,
       2.369e+03, 2.335e+03, 2.299e+03, 2.270e+03, 2.230e+03, 2.195e+03,
       2.167e+03, 2.135e+03, 2.094e+03, 2.060e+03, 2.023e+03, 1.995e+03,
       1.960e+03, 1.930e+03, 1.900e+03, 1.877e+03, 1.845e+03, 1.815e+03,
       1.784e+03, 1.748e+03, 1.726e+03, 1.706e+03, 1.682e+03, 1.656e+03,
       1.629e+03, 1.607e+03, 1.590e+03, 1.564e+03, 1.543e+03, 1.516e+03,
       1.493e+03, 1.472e+03, 1.450e+03, 1.429e+03, 1.395e+03, 1.379e+03,
       1.355e+03, 1.342e+03, 1.311e+03, 1.293e+03, 1.273e+03, 1.247e+03,
       1.229e+03, 1.217e+03, 1.187e+03, 1.168e+03, 1.142e+03, 1.125e+03,
       1.109e+03, 1.089e+03, 1.077e+03, 1.054e+03, 1.043e+03, 1.027e+03,
       1.014e+03, 1.000e+03, 9.790e+02, 9.640e+02, 9.500e+02, 9.360e+02,
       9.220e+02, 9.010e+02, 8.910e+02, 8.710e+02, 8.510e+02, 8.350e+02,
       8.250e+02, 8.120e+02, 8.030e+02, 7.840e+02, 7.780e+02, 7.690e+02,
       7.590e+02, 7.380e+02, 7.250e+02, 7.150e+02, 7.050e+02, 6.920e+02,
       6.810e+02, 6.660e+02, 6.510e+02, 6.410e+02, 6.330e+02, 6.160e+02,
       6.010e+02, 5.880e+02, 5.720e+02, 5.650e+02, 5.540e+02, 5.390e+02,
       5.250e+02, 5.100e+02, 5.040e+02, 4.920e+02, 4.840e+02, 4.720e+02,
       4.590e+02, 4.430e+02, 4.370e+02, 4.240e+02, 4.110e+02, 3.920e+02,
       3.820e+02, 3.730e+02, 3.660e+02, 3.580e+02, 3.440e+02, 3.360e+02,
       3.280e+02, 3.210e+02, 3.100e+02, 3.010e+02, 2.940e+02, 2.870e+02,
       2.770e+02, 2.650e+02, 2.570e+02, 2.470e+02, 2.390e+02, 2.290e+02,
       2.230e+02, 2.160e+02, 2.040e+02, 1.900e+02, 1.790e+02, 1.730e+02,
       1.630e+02, 1.550e+02, 1.460e+02, 1.400e+02, 1.270e+02, 1.180e+02,
       1.140e+02, 1.070e+02, 1.010e+02, 9.000e+01, 8.000e+01, 7.700e+01,
       6.800e+01, 6.300e+01, 5.900e+01, 4.900e+01, 4.400e+01, 3.900e+01,
       3.300e+01, 2.900e+01, 2.200e+01, 1.800e+01, 1.200e+01, 7.000e+00,
       4.000e+00, 1.000e+00], dtype=float32), array([   0.,  612.,  950., 1235., 1489., 1743., 1960., 2173., 2368.,
       2555., 2712., 2871., 3014., 3146., 3275., 3410., 3517., 3629.,
       3721., 3830., 3930., 4015., 4104., 4191., 4274., 4357., 4430.,
       4496., 4565., 4646., 4729., 4791., 4847., 4905., 4953., 5002.,
       5058., 5091., 5146., 5192., 5242., 5300., 5334., 5374., 5413.,
       5453., 5493., 5532., 5570., 5604., 5640., 5669., 5709., 5744.,
       5772., 5804., 5845., 5879., 5916., 5944., 5979., 6009., 6039.,
       6062., 6094., 6124., 6155., 6191., 6213., 6233., 6257., 6283.,
       6310., 6332., 6349., 6375., 6396., 6423., 6446., 6467., 6489.,
       6510., 6544., 6560., 6584., 6597., 6628., 6646., 6666., 6692.,
       6710., 6722., 6752., 6771., 6797., 6814., 6830., 6850., 6862.,
       6885., 6896., 6912., 6925., 6939., 6960., 6975., 6989., 7003.,
       7017., 7038., 7048., 7068., 7088., 7104., 7114., 7127., 7136.,
       7155., 7161., 7170., 7180., 7201., 7214., 7224., 7234., 7247.,
       7258., 7273., 7288., 7298., 7306., 7323., 7338., 7351., 7367.,
       7374., 7385., 7400., 7414., 7429., 7435., 7447., 7455., 7467.,
       7480., 7496., 7502., 7515., 7528., 7547., 7557., 7566., 7573.,
       7581., 7595., 7603., 7611., 7618., 7629., 7638., 7645., 7652.,
       7662., 7674., 7682., 7692., 7700., 7710., 7716., 7723., 7735.,
       7749., 7760., 7766., 7776., 7784., 7793., 7799., 7812., 7821.,
       7825., 7832., 7838., 7849., 7859., 7862., 7871., 7876., 7880.,
       7890., 7895., 7900., 7906., 7910., 7917., 7921., 7927., 7932.,
       7935., 7938.], dtype=float32), 0.9439125657081604]