[0.3810730278491974, 0.8473959565162659, array([0.4225342 , 0.43548992, 0.445373  , 0.45277128, 0.46090207,
       0.4685071 , 0.4769218 , 0.48470074, 0.49336076, 0.50030434,
       0.50862753, 0.5159957 , 0.5223772 , 0.52943355, 0.5360931 ,
       0.5435922 , 0.55141723, 0.55755854, 0.56355345, 0.5691212 ,
       0.57532996, 0.581338  , 0.5872504 , 0.59324706, 0.5993402 ,
       0.6056429 , 0.61079085, 0.6158068 , 0.6210375 , 0.6257408 ,
       0.6308005 , 0.63533837, 0.6393386 , 0.6439675 , 0.6477671 ,
       0.65198445, 0.655246  , 0.6593301 , 0.6642943 , 0.66816527,
       0.6713184 , 0.67521894, 0.6790154 , 0.682655  , 0.6856423 ,
       0.6886554 , 0.69227827, 0.69520634, 0.69834924, 0.7020255 ,
       0.706452  , 0.70920587, 0.7130158 , 0.71668893, 0.7196237 ,
       0.7223348 , 0.72517323, 0.7280186 , 0.7307269 , 0.7329821 ,
       0.73619634, 0.7399298 , 0.7430144 , 0.74598664, 0.7483576 ,
       0.75064635, 0.7533237 , 0.75559753, 0.7594492 , 0.761526  ,
       0.7645142 , 0.7660113 , 0.76774484, 0.7702621 , 0.7726791 ,
       0.7752398 , 0.7775735 , 0.78062326, 0.7826356 , 0.7849664 ,
       0.78733104, 0.7893072 , 0.791879  , 0.7948965 , 0.7973803 ,
       0.79967505, 0.80143815, 0.80361545, 0.8061849 , 0.80913484,
       0.81279385, 0.8147461 , 0.816285  , 0.818461  , 0.82083905,
       0.8226337 , 0.8254659 , 0.827889  , 0.8303524 , 0.8312545 ,
       0.8324673 , 0.83447903, 0.83649635, 0.8377982 , 0.8397045 ,
       0.8411666 , 0.84225297, 0.8440384 , 0.8460224 , 0.8473604 ,
       0.84927815, 0.8520101 , 0.85350066, 0.85598254, 0.85808516,
       0.86066735, 0.8620057 , 0.8634307 , 0.8649833 , 0.8659772 ,
       0.8680171 , 0.8702668 , 0.87170553, 0.87417364, 0.87564075,
       0.8767463 , 0.8775697 , 0.87763613, 0.8789794 , 0.87997156,
       0.88151884, 0.883101  , 0.88476855, 0.8858806 , 0.88703036,
       0.88650626, 0.88764644, 0.8894908 , 0.88986784, 0.8921651 ,
       0.8942253 , 0.8944606 , 0.8952381 , 0.8966565 , 0.8973173 ,
       0.8974763 , 0.8969305 , 0.8983498 , 0.89909184, 0.8987603 ,
       0.8984485 , 0.8984881 , 0.89841735, 0.8989442 , 0.9007009 ,
       0.9012841 , 0.9026512 , 0.9028547 , 0.9026003 , 0.9033288 ,
       0.90160835, 0.8996063 , 0.9007165 , 0.9047366 , 0.905692  ,
       0.9047619 , 0.90306747, 0.90556276, 0.9053134 , 0.90451896,
       0.90694004, 0.9133726 , 0.91522336, 0.9220138 , 0.92424244,
       0.9236193 , 0.93068033, 0.9396067 , 0.9427663 , 0.9401089 ,
       0.9390244 , 0.9404762 , 0.9427793 , 0.9488818 , 0.94382024,
       0.95614034, 0.95811516, 0.96753246, 0.9672131 , 0.98913044,
       0.9861111 , 1.        , 1.        , 1.        , 1.        ,
       1.        , 0.        , 0.        , 0.        , 0.        ],
      dtype=float32), array([1.        , 1.        , 1.        , 0.9984507 , 0.9974178 ,
       0.9962128 , 0.99431914, 0.9925977 , 0.9913927 , 0.9905319 ,
       0.98949903, 0.98846614, 0.98657256, 0.9846789 , 0.9831296 ,
       0.98209673, 0.98123604, 0.9796867 , 0.97848165, 0.9765881 ,
       0.9755552 , 0.9738337 , 0.97211224, 0.9709072 , 0.96953005,
       0.9681529 , 0.9666035 , 0.9657428 , 0.9645378 , 0.9633328 ,
       0.96178347, 0.96006197, 0.95851266, 0.95558614, 0.9538647 ,
       0.95300394, 0.95145464, 0.94887245, 0.9480117 , 0.94663453,
       0.94405234, 0.94233084, 0.9402651 , 0.9383715 , 0.93716645,
       0.93630576, 0.9352729 , 0.9337235 , 0.9321742 , 0.93079704,
       0.92924774, 0.9270098 , 0.9251162 , 0.9240833 , 0.92167324,
       0.9202961 , 0.9189189 , 0.91650885, 0.9137545 , 0.91013944,
       0.9089344 , 0.90755725, 0.9063522 , 0.90394217, 0.9020485 ,
       0.8996385 , 0.89740056, 0.8946462 , 0.8924083 , 0.88999826,
       0.8886211 , 0.88535035, 0.88259596, 0.8801859 , 0.8782923 ,
       0.8763987 , 0.8738165 , 0.87106216, 0.8689964 , 0.86469275,
       0.8622827 , 0.8590119 , 0.85608536, 0.8526425 , 0.8488552 ,
       0.8473059 , 0.8442073 , 0.84179723, 0.83921504, 0.83559996,
       0.83336204, 0.83129627, 0.8283698 , 0.82578754, 0.8218282 ,
       0.81838524, 0.81580305, 0.8114994 , 0.8071957 , 0.8030642 ,
       0.7997934 , 0.79411256, 0.7891203 , 0.7860217 , 0.7827509 ,
       0.7794801 , 0.7748321 , 0.77138925, 0.76708555, 0.7626097 ,
       0.7595111 , 0.7552074 , 0.7491823 , 0.74384576, 0.73902565,
       0.73265624, 0.7280083 , 0.7226717 , 0.71354795, 0.7063178 ,
       0.70080906, 0.6963333 , 0.688931  , 0.68290585, 0.67636424,
       0.6698227 , 0.6613875 , 0.6519194 , 0.64641076, 0.63986915,
       0.63143396, 0.6216216 , 0.6119814 , 0.6026855 , 0.5933896 ,
       0.5835772 , 0.573937  , 0.5653297 , 0.556378  , 0.54691   ,
       0.5384748 , 0.52814597, 0.5178172 , 0.50783265, 0.5009468 ,
       0.48975727, 0.47787917, 0.46858323, 0.46014804, 0.4493028 ,
       0.43862972, 0.42967808, 0.42021003, 0.41039765, 0.39817524,
       0.3866414 , 0.3751076 , 0.3647788 , 0.35255638, 0.34102255,
       0.32811156, 0.31468412, 0.30297813, 0.29264933, 0.27939403,
       0.2682045 , 0.2533999 , 0.24100533, 0.22878292, 0.21363401,
       0.19796868, 0.18695128, 0.17283526, 0.16078499, 0.14701326,
       0.13530728, 0.12480634, 0.11516612, 0.10208298, 0.08917198,
       0.07953176, 0.06799793, 0.05956275, 0.05112756, 0.04338096,
       0.03752797, 0.03150284, 0.02564985, 0.02031331, 0.01566535,
       0.01222241, 0.00929592, 0.00533655, 0.00344293, 0.00189361,
       0.00137717, 0.        , 0.        , 0.        , 0.        ],
      dtype=float32), 0.8642817139625549, array([7.939e+03, 7.530e+03, 7.234e+03, 7.010e+03, 6.777e+03, 6.565e+03,
       6.335e+03, 6.130e+03, 5.914e+03, 5.747e+03, 5.553e+03, 5.386e+03,
       5.240e+03, 5.084e+03, 4.942e+03, 4.790e+03, 4.637e+03, 4.516e+03,
       4.402e+03, 4.295e+03, 4.183e+03, 4.074e+03, 3.969e+03, 3.867e+03,
       3.765e+03, 3.662e+03, 3.578e+03, 3.500e+03, 3.419e+03, 3.347e+03,
       3.270e+03, 3.201e+03, 3.141e+03, 3.069e+03, 3.013e+03, 2.955e+03,
       2.908e+03, 2.848e+03, 2.783e+03, 2.731e+03, 2.685e+03, 2.633e+03,
       2.582e+03, 2.534e+03, 2.496e+03, 2.459e+03, 2.415e+03, 2.378e+03,
       2.339e+03, 2.295e+03, 2.243e+03, 2.208e+03, 2.163e+03, 2.122e+03,
       2.086e+03, 2.055e+03, 2.023e+03, 1.989e+03, 1.956e+03, 1.926e+03,
       1.892e+03, 1.853e+03, 1.821e+03, 1.788e+03, 1.762e+03, 1.736e+03,
       1.707e+03, 1.681e+03, 1.642e+03, 1.619e+03, 1.590e+03, 1.571e+03,
       1.551e+03, 1.525e+03, 1.501e+03, 1.476e+03, 1.452e+03, 1.422e+03,
       1.402e+03, 1.376e+03, 1.353e+03, 1.332e+03, 1.307e+03, 1.278e+03,
       1.253e+03, 1.233e+03, 1.215e+03, 1.195e+03, 1.172e+03, 1.145e+03,
       1.115e+03, 1.098e+03, 1.083e+03, 1.064e+03, 1.042e+03, 1.025e+03,
       1.002e+03, 9.800e+02, 9.580e+02, 9.470e+02, 9.350e+02, 9.150e+02,
       8.960e+02, 8.840e+02, 8.680e+02, 8.550e+02, 8.430e+02, 8.280e+02,
       8.110e+02, 7.980e+02, 7.830e+02, 7.620e+02, 7.470e+02, 7.270e+02,
       7.100e+02, 6.890e+02, 6.770e+02, 6.640e+02, 6.470e+02, 6.350e+02,
       6.190e+02, 6.030e+02, 5.890e+02, 5.710e+02, 5.580e+02, 5.470e+02,
       5.360e+02, 5.280e+02, 5.170e+02, 5.070e+02, 4.930e+02, 4.780e+02,
       4.630e+02, 4.510e+02, 4.390e+02, 4.340e+02, 4.220e+02, 4.080e+02,
       4.000e+02, 3.840e+02, 3.700e+02, 3.620e+02, 3.520e+02, 3.400e+02,
       3.330e+02, 3.250e+02, 3.190e+02, 3.080e+02, 3.000e+02, 2.940e+02,
       2.880e+02, 2.820e+02, 2.760e+02, 2.680e+02, 2.550e+02, 2.460e+02,
       2.350e+02, 2.280e+02, 2.210e+02, 2.120e+02, 2.080e+02, 2.040e+02,
       1.940e+02, 1.790e+02, 1.690e+02, 1.640e+02, 1.580e+02, 1.460e+02,
       1.390e+02, 1.310e+02, 1.180e+02, 1.030e+02, 9.300e+01, 7.900e+01,
       7.000e+01, 6.500e+01, 5.400e+01, 4.300e+01, 3.600e+01, 3.300e+01,
       3.000e+01, 2.500e+01, 2.100e+01, 1.600e+01, 1.500e+01, 1.000e+01,
       8.000e+00, 5.000e+00, 4.000e+00, 1.000e+00, 1.000e+00, 0.000e+00,
       0.000e+00, 0.000e+00, 0.000e+00, 0.000e+00, 0.000e+00, 0.000e+00,
       0.000e+00, 0.000e+00], dtype=float32), array([   0.,  409.,  705.,  929., 1162., 1374., 1604., 1809., 2025.,
       2192., 2386., 2553., 2699., 2855., 2997., 3149., 3302., 3423.,
       3537., 3644., 3756., 3865., 3970., 4072., 4174., 4277., 4361.,
       4439., 4520., 4592., 4669., 4738., 4798., 4870., 4926., 4984.,
       5031., 5091., 5156., 5208., 5254., 5306., 5357., 5405., 5443.,
       5480., 5524., 5561., 5600., 5644., 5696., 5731., 5776., 5817.,
       5853., 5884., 5916., 5950., 5983., 6013., 6047., 6086., 6118.,
       6151., 6177., 6203., 6232., 6258., 6297., 6320., 6349., 6368.,
       6388., 6414., 6438., 6463., 6487., 6517., 6537., 6563., 6586.,
       6607., 6632., 6661., 6686., 6706., 6724., 6744., 6767., 6794.,
       6824., 6841., 6856., 6875., 6897., 6914., 6937., 6959., 6981.,
       6992., 7004., 7024., 7043., 7055., 7071., 7084., 7096., 7111.,
       7128., 7141., 7156., 7177., 7192., 7212., 7229., 7250., 7262.,
       7275., 7292., 7304., 7320., 7336., 7350., 7368., 7381., 7392.,
       7403., 7411., 7422., 7432., 7446., 7461., 7476., 7488., 7500.,
       7505., 7517., 7531., 7539., 7555., 7569., 7577., 7587., 7599.,
       7606., 7614., 7620., 7631., 7639., 7645., 7651., 7657., 7663.,
       7671., 7684., 7693., 7704., 7711., 7718., 7727., 7731., 7735.,
       7745., 7760., 7770., 7775., 7781., 7793., 7800., 7808., 7821.,
       7836., 7846., 7860., 7869., 7874., 7885., 7896., 7903., 7906.,
       7909., 7914., 7918., 7923., 7924., 7929., 7931., 7934., 7935.,
       7938., 7938., 7939., 7939., 7939., 7939., 7939., 7939., 7939.,
       7939., 7939.], dtype=float32), 0.9114127159118652]