[0.07137110084295273, 0.9868344664573669, array([0.4313507 , 0.9435194 , 0.9529781 , 0.9572423 , 0.9599335 ,
       0.96153206, 0.9636121 , 0.9647275 , 0.96536726, 0.9658463 ,
       0.9666555 , 0.9674606 , 0.967769  , 0.96841395, 0.9692282 ,
       0.9695491 , 0.9698704 , 0.9710145 , 0.9716599 , 0.9721378 ,
       0.9726259 , 0.97279024, 0.9729501 , 0.97311467, 0.97327924,
       0.97344387, 0.97376883, 0.97393364, 0.9742591 , 0.9745849 ,
       0.97508055, 0.97524583, 0.97524583, 0.97557664, 0.97573805,
       0.9757298 , 0.97572154, 0.97588724, 0.9758791 , 0.97604483,
       0.9763766 , 0.9767086 , 0.9770369 , 0.97719926, 0.9773617 ,
       0.9776945 , 0.97786105, 0.97819424, 0.9781905 , 0.9783572 ,
       0.9785203 , 0.9788504 , 0.9790174 , 0.97918445, 0.97918445,
       0.979348  , 0.9793445 , 0.9793445 , 0.9793445 , 0.9793445 ,
       0.979341  , 0.979341  , 0.979341  , 0.9795082 , 0.979672  ,
       0.97966856, 0.97966856, 0.97983253, 0.97983253, 0.97983253,
       0.97983253, 0.97983253, 0.97999656, 0.9801608 , 0.9801608 ,
       0.98049617, 0.98082846, 0.98082846, 0.98099643, 0.98099643,
       0.98099315, 0.9811612 , 0.9811612 , 0.9811612 , 0.9811612 ,
       0.98115796, 0.9814942 , 0.9816624 , 0.98182756, 0.98182756,
       0.9819959 , 0.9819959 , 0.9819959 , 0.98250127, 0.98250127,
       0.9826699 , 0.9828385 , 0.9830072 , 0.9830072 , 0.9830072 ,
       0.9830072 , 0.983176  , 0.9836826 , 0.9836798 , 0.983846  ,
       0.9840151 , 0.9840151 , 0.9840151 , 0.9840151 , 0.98401237,
       0.98401237, 0.98401237, 0.98401237, 0.98401237, 0.98401237,
       0.98401237, 0.98401237, 0.98401237, 0.98401237, 0.9841816 ,
       0.9841816 , 0.9841816 , 0.9841816 , 0.9843508 , 0.9843508 ,
       0.9843508 , 0.98452014, 0.98485893, 0.98485893, 0.9851954 ,
       0.9851954 , 0.98536503, 0.98536503, 0.98536503, 0.985702  ,
       0.98569953, 0.98569953, 0.9858694 , 0.98586696, 0.98586696,
       0.98586696, 0.98586696, 0.9860369 , 0.9862069 , 0.9862045 ,
       0.9862045 , 0.9863746 , 0.98637223, 0.98637223, 0.9863699 ,
       0.9863699 , 0.98654014, 0.98671037, 0.98687845, 0.98704886,
       0.98704886, 0.98704886, 0.98704886, 0.98704666, 0.9870444 ,
       0.9870421 , 0.9870399 , 0.9872105 , 0.9872083 , 0.9872083 ,
       0.9875476 , 0.9877184 , 0.9877184 , 0.9877184 , 0.9877184 ,
       0.9878872 , 0.98805606, 0.9882271 , 0.9882271 , 0.98856944,
       0.9887407 , 0.9887407 , 0.98873484, 0.9889043 , 0.9890758 ,
       0.9892417 , 0.98941153, 0.98975515, 0.99009556, 0.99009556,
       0.99009556, 0.9900938 , 0.9900887 , 0.9902592 , 0.9904298 ,
       0.9906005 , 0.99077135, 0.99145746, 0.99144703, 0.9916128 ,
       0.99160254, 0.99194115, 0.9922807 , 0.99262124, 0.99382174],
      dtype=float32), array([1.        , 0.99500775, 0.99431914, 0.99431914, 0.99397486,
       0.99397486, 0.9938027 , 0.99345845, 0.99328625, 0.9931141 ,
       0.9931141 , 0.992942  , 0.99242556, 0.9922534 , 0.9922534 ,
       0.9920812 , 0.9919091 , 0.9919091 , 0.9915648 , 0.9910484 ,
       0.9908762 , 0.9908762 , 0.99070406, 0.99070406, 0.99070406,
       0.99070406, 0.9905319 , 0.9905319 , 0.9903598 , 0.99018764,
       0.99018764, 0.99018764, 0.99018764, 0.99018764, 0.9900155 ,
       0.9896712 , 0.9893269 , 0.9893269 , 0.9889826 , 0.9889826 ,
       0.9889826 , 0.9889826 , 0.9888105 , 0.98863834, 0.98846614,
       0.98846614, 0.98846614, 0.98846614, 0.988294  , 0.988294  ,
       0.98812187, 0.9879497 , 0.9879497 , 0.9879497 , 0.9879497 ,
       0.9877776 , 0.98760545, 0.98760545, 0.98760545, 0.98760545,
       0.9874333 , 0.9874333 , 0.9874333 , 0.9874333 , 0.9872612 ,
       0.987089  , 0.987089  , 0.98691684, 0.98691684, 0.98691684,
       0.98691684, 0.98691684, 0.9867447 , 0.98657256, 0.98657256,
       0.98657256, 0.9864004 , 0.9864004 , 0.9864004 , 0.9864004 ,
       0.9862283 , 0.9862283 , 0.9862283 , 0.9862283 , 0.9862283 ,
       0.98605615, 0.98605615, 0.98605615, 0.98588395, 0.98588395,
       0.98588395, 0.98588395, 0.98588395, 0.98588395, 0.98588395,
       0.98588395, 0.98588395, 0.98588395, 0.98588395, 0.98588395,
       0.98588395, 0.98588395, 0.98588395, 0.9857118 , 0.9855397 ,
       0.9855397 , 0.9855397 , 0.9855397 , 0.9855397 , 0.98536754,
       0.98536754, 0.98536754, 0.98536754, 0.98536754, 0.98536754,
       0.98536754, 0.98536754, 0.98536754, 0.98536754, 0.98536754,
       0.98536754, 0.98536754, 0.98536754, 0.98536754, 0.98536754,
       0.98536754, 0.98536754, 0.98536754, 0.98536754, 0.9851954 ,
       0.9851954 , 0.9851954 , 0.9851954 , 0.9851954 , 0.98502326,
       0.9848511 , 0.9848511 , 0.9848511 , 0.9846789 , 0.9846789 ,
       0.9846789 , 0.9846789 , 0.9846789 , 0.9846789 , 0.9845068 ,
       0.9845068 , 0.9845068 , 0.98433465, 0.98433465, 0.9841625 ,
       0.9841625 , 0.9841625 , 0.9841625 , 0.9839904 , 0.9839904 ,
       0.9839904 , 0.9839904 , 0.9839904 , 0.98381823, 0.9836461 ,
       0.9834739 , 0.98330176, 0.98330176, 0.9831296 , 0.9831296 ,
       0.9829575 , 0.9829575 , 0.9829575 , 0.9829575 , 0.9829575 ,
       0.98278534, 0.9826132 , 0.9826132 , 0.9826132 , 0.9826132 ,
       0.9826132 , 0.9826132 , 0.98209673, 0.9819246 , 0.9819246 ,
       0.9814082 , 0.98123604, 0.98123604, 0.9808917 , 0.9808917 ,
       0.9808917 , 0.98071957, 0.98020315, 0.980031  , 0.9798588 ,
       0.9796867 , 0.97951454, 0.9789981 , 0.9777931 , 0.97693235,
       0.9757273 , 0.97469443, 0.97366154, 0.97262865, 0.96918577],
      dtype=float32), 0.9916701316833496, array([7658.,  346.,  285.,  258.,  241.,  231.,  218.,  211.,  207.,
        204.,  199.,  194.,  192.,  188.,  183.,  181.,  179.,  172.,
        168.,  165.,  162.,  161.,  160.,  159.,  158.,  157.,  155.,
        154.,  152.,  150.,  147.,  146.,  146.,  144.,  143.,  143.,
        143.,  142.,  142.,  141.,  139.,  137.,  135.,  134.,  133.,
        131.,  130.,  128.,  128.,  127.,  126.,  124.,  123.,  122.,
        122.,  121.,  121.,  121.,  121.,  121.,  121.,  121.,  121.,
        120.,  119.,  119.,  119.,  118.,  118.,  118.,  118.,  118.,
        117.,  116.,  116.,  114.,  112.,  112.,  111.,  111.,  111.,
        110.,  110.,  110.,  110.,  110.,  108.,  107.,  106.,  106.,
        105.,  105.,  105.,  102.,  102.,  101.,  100.,   99.,   99.,
         99.,   99.,   98.,   95.,   95.,   94.,   93.,   93.,   93.,
         93.,   93.,   93.,   93.,   93.,   93.,   93.,   93.,   93.,
         93.,   93.,   92.,   92.,   92.,   92.,   91.,   91.,   91.,
         90.,   88.,   88.,   86.,   86.,   85.,   85.,   85.,   83.,
         83.,   83.,   82.,   82.,   82.,   82.,   82.,   81.,   80.,
         80.,   80.,   79.,   79.,   79.,   79.,   79.,   78.,   77.,
         76.,   75.,   75.,   75.,   75.,   75.,   75.,   75.,   75.,
         74.,   74.,   74.,   72.,   71.,   71.,   71.,   71.,   70.,
         69.,   68.,   68.,   66.,   65.,   65.,   65.,   64.,   63.,
         62.,   61.,   59.,   57.,   57.,   57.,   57.,   57.,   56.,
         55.,   54.,   53.,   49.,   49.,   48.,   48.,   46.,   44.,
         42.,   35.], dtype=float32), array([ 281., 7593., 7654., 7681., 7698., 7708., 7721., 7728., 7732.,
       7735., 7740., 7745., 7747., 7751., 7756., 7758., 7760., 7767.,
       7771., 7774., 7777., 7778., 7779., 7780., 7781., 7782., 7784.,
       7785., 7787., 7789., 7792., 7793., 7793., 7795., 7796., 7796.,
       7796., 7797., 7797., 7798., 7800., 7802., 7804., 7805., 7806.,
       7808., 7809., 7811., 7811., 7812., 7813., 7815., 7816., 7817.,
       7817., 7818., 7818., 7818., 7818., 7818., 7818., 7818., 7818.,
       7819., 7820., 7820., 7820., 7821., 7821., 7821., 7821., 7821.,
       7822., 7823., 7823., 7825., 7827., 7827., 7828., 7828., 7828.,
       7829., 7829., 7829., 7829., 7829., 7831., 7832., 7833., 7833.,
       7834., 7834., 7834., 7837., 7837., 7838., 7839., 7840., 7840.,
       7840., 7840., 7841., 7844., 7844., 7845., 7846., 7846., 7846.,
       7846., 7846., 7846., 7846., 7846., 7846., 7846., 7846., 7846.,
       7846., 7846., 7847., 7847., 7847., 7847., 7848., 7848., 7848.,
       7849., 7851., 7851., 7853., 7853., 7854., 7854., 7854., 7856.,
       7856., 7856., 7857., 7857., 7857., 7857., 7857., 7858., 7859.,
       7859., 7859., 7860., 7860., 7860., 7860., 7860., 7861., 7862.,
       7863., 7864., 7864., 7864., 7864., 7864., 7864., 7864., 7864.,
       7865., 7865., 7865., 7867., 7868., 7868., 7868., 7868., 7869.,
       7870., 7871., 7871., 7873., 7874., 7874., 7874., 7875., 7876.,
       7877., 7878., 7880., 7882., 7882., 7882., 7882., 7882., 7883.,
       7884., 7885., 7886., 7890., 7890., 7891., 7891., 7893., 7895.,
       7897., 7904.], dtype=float32), 0.9949509501457214]