[0.09237293899059296, 0.965667724609375, array([0.4225342 , 0.6382815 , 0.6854039 , 0.7152898 , 0.73656803,
       0.7497091 , 0.7632965 , 0.77424526, 0.7823855 , 0.7925561 ,
       0.79997236, 0.8064336 , 0.8118604 , 0.81733483, 0.82326174,
       0.8292508 , 0.8330455 , 0.8380649 , 0.84126294, 0.84513015,
       0.8475646 , 0.85013986, 0.85300636, 0.8554074 , 0.85894954,
       0.86164176, 0.863684  , 0.86588657, 0.86823106, 0.87070006,
       0.8738452 , 0.876082  , 0.8776256 , 0.8793287 , 0.88188493,
       0.88269526, 0.8860526 , 0.8875366 , 0.88875175, 0.88997066,
       0.8911596 , 0.89224803, 0.89418894, 0.8953018 , 0.89596635,
       0.89691204, 0.89829713, 0.8991242 , 0.8999374 , 0.9016008 ,
       0.90344393, 0.90443957, 0.90527976, 0.90650666, 0.9079405 ,
       0.90864474, 0.90992707, 0.9109241 , 0.91148895, 0.9127944 ,
       0.91395795, 0.91509736, 0.9164136 , 0.91712   , 0.91753405,
       0.91885823, 0.92029566, 0.9207268 , 0.9214297 , 0.9223082 ,
       0.9230273 , 0.92449474, 0.9247938 , 0.9259799 , 0.9271577 ,
       0.9279104 , 0.92849016, 0.929362  , 0.92965317, 0.93085456,
       0.9310064 , 0.93158066, 0.93231976, 0.93337697, 0.93427306,
       0.9347113 , 0.9357542 , 0.9360618 , 0.9363487 , 0.93664634,
       0.93695474, 0.93769574, 0.9384387 , 0.9388733 , 0.9394741 ,
       0.94055307, 0.94131297, 0.94270056, 0.9431611 , 0.9437791 ,
       0.94452775, 0.94482416, 0.9451301 , 0.94575197, 0.9460678 ,
       0.9465241 , 0.947298  , 0.94776493, 0.9483741 , 0.94899327,
       0.9492948 , 0.9495883 , 0.9500084 , 0.95112085, 0.9515857 ,
       0.9525338 , 0.95329946, 0.9544068 , 0.9552011 , 0.9554952 ,
       0.95628506, 0.9570479 , 0.9573452 , 0.95764303, 0.9581125 ,
       0.95841175, 0.95887595, 0.9593552 , 0.95964974, 0.9606191 ,
       0.9614325 , 0.9619228 , 0.9627265 , 0.96320605, 0.96319336,
       0.96365523, 0.9641248 , 0.9647814 , 0.96591896, 0.9662197 ,
       0.9670387 , 0.9673305 , 0.9676573 , 0.96815395, 0.9688157 ,
       0.9691228 , 0.9697662 , 0.9702255 , 0.97037035, 0.9708738 ,
       0.9709991 , 0.9718435 , 0.9723355 , 0.97299695, 0.97314125,
       0.9731221 , 0.9737968 , 0.9742903 , 0.9747809 , 0.975103  ,
       0.9759555 , 0.9761092 , 0.9766145 , 0.97656816, 0.9777617 ,
       0.9778785 , 0.9782135 , 0.97854155, 0.9785142 , 0.979726  ,
       0.9804137 , 0.98053974, 0.98088235, 0.9815464 , 0.9818787 ,
       0.98274904, 0.9832558 , 0.9837292 , 0.9844248 , 0.9851028 ,
       0.98579544, 0.9863144 , 0.98626477, 0.9865669 , 0.98783314,
       0.98834723, 0.9890497 , 0.98997444, 0.9908712 , 0.99179506,
       0.9925328 , 0.99264705, 0.9929781 , 0.9934874 , 0.99486524,
       0.9951965 , 0.9952809 , 0.99600655, 0.9974874 , 0.997711  ],
      dtype=float32), array([1.        , 1.        , 0.99913925, 0.99862283, 0.99827856,
       0.99827856, 0.99810636, 0.9977621 , 0.99707353, 0.99707353,
       0.99690133, 0.99690133, 0.99690133, 0.9967292 , 0.9967292 ,
       0.99655706, 0.9963849 , 0.99604064, 0.995352  , 0.9948356 ,
       0.9944913 , 0.994147  , 0.99397486, 0.99397486, 0.9938027 ,
       0.9938027 , 0.9936306 , 0.9936306 , 0.9936306 , 0.99345845,
       0.99328625, 0.9931141 , 0.9925977 , 0.9922534 , 0.9922534 ,
       0.9922534 , 0.9919091 , 0.99173695, 0.9915648 , 0.9913927 ,
       0.9908762 , 0.99070406, 0.99070406, 0.99070406, 0.9903598 ,
       0.9900155 , 0.98984337, 0.9896712 , 0.9893269 , 0.9889826 ,
       0.9889826 , 0.9889826 , 0.9888105 , 0.98812187, 0.98812187,
       0.9879497 , 0.9877776 , 0.98760545, 0.9874333 , 0.9874333 ,
       0.9874333 , 0.987089  , 0.987089  , 0.9867447 , 0.9864004 ,
       0.9864004 , 0.98588395, 0.9857118 , 0.9851954 , 0.98502326,
       0.9846789 , 0.98433465, 0.98433465, 0.9841625 , 0.98381823,
       0.98381823, 0.9834739 , 0.9829575 , 0.98278534, 0.9826132 ,
       0.9826132 , 0.98209673, 0.98175246, 0.9815803 , 0.98123604,
       0.9808917 , 0.9803753 , 0.9803753 , 0.980031  , 0.9798588 ,
       0.9798588 , 0.9793424 , 0.978826  , 0.9783095 , 0.97796524,
       0.9777931 , 0.97744876, 0.9771045 , 0.97693235, 0.9767602 ,
       0.9760716 , 0.9757273 , 0.9755552 , 0.97538304, 0.97538304,
       0.9750387 , 0.97469443, 0.9745223 , 0.9740059 , 0.97366154,
       0.97331727, 0.97280085, 0.9715958 , 0.9714236 , 0.97107935,
       0.9707351 , 0.9698743 , 0.9693579 , 0.9690136 , 0.968325  ,
       0.96780854, 0.9666035 , 0.96591496, 0.96522635, 0.96470994,
       0.9640213 , 0.9633328 , 0.9629885 , 0.96212775, 0.9616113 ,
       0.961267  , 0.96109486, 0.96040624, 0.9598898 , 0.95954555,
       0.95851266, 0.9576519 , 0.95730764, 0.95627475, 0.95524186,
       0.9545533 , 0.9531761 , 0.9528318 , 0.9524875 , 0.95197105,
       0.9509382 , 0.9497332 , 0.9480117 , 0.94715095, 0.94680667,
       0.94525737, 0.9447409 , 0.9438802 , 0.9428473 , 0.9418144 ,
       0.9411258 , 0.94043726, 0.93940437, 0.93819934, 0.93716645,
       0.93630576, 0.935445  , 0.93458426, 0.9326907 , 0.9309692 ,
       0.928387  , 0.92752624, 0.9263212 , 0.9251162 , 0.92339474,
       0.9220176 , 0.9194354 , 0.91857463, 0.9156481 , 0.9140988 ,
       0.9120331 , 0.90979517, 0.9054915 , 0.9030814 , 0.8992942 ,
       0.8960234 , 0.89326906, 0.88999826, 0.885006  , 0.88053024,
       0.8760544 , 0.8707178 , 0.8669306 , 0.8595283 , 0.8531589 ,
       0.84661734, 0.8366328 , 0.8276812 , 0.8140816 , 0.80048203,
       0.78464454, 0.7624376 , 0.72990185, 0.68342227, 0.60027546],
      dtype=float32), 0.9921014308929443, array([7939., 3292., 2664., 2309., 2074., 1936., 1798., 1690., 1611.,
       1516., 1448., 1390., 1342., 1294., 1243., 1192., 1160., 1118.,
       1091., 1059., 1039., 1018.,  995.,  976.,  948.,  927.,  911.,
        894.,  876.,  857.,  833.,  816.,  804.,  791.,  772.,  766.,
        741.,  730.,  721.,  712.,  703.,  695.,  681.,  673.,  668.,
        661.,  651.,  645.,  639.,  627.,  614.,  607.,  601.,  592.,
        582.,  577.,  568.,  561.,  557.,  548.,  540.,  532.,  523.,
        518.,  515.,  506.,  496.,  493.,  488.,  482.,  477.,  467.,
        465.,  457.,  449.,  444.,  440.,  434.,  432.,  424.,  423.,
        419.,  414.,  407.,  401.,  398.,  391.,  389.,  387.,  385.,
        383.,  378.,  373.,  370.,  366.,  359.,  354.,  345.,  342.,
        338.,  333.,  331.,  329.,  325.,  323.,  320.,  315.,  312.,
        308.,  304.,  302.,  300.,  297.,  290.,  287.,  281.,  276.,
        269.,  264.,  262.,  257.,  252.,  250.,  248.,  245.,  243.,
        240.,  237.,  235.,  229.,  224.,  221.,  216.,  213.,  213.,
        210.,  207.,  203.,  196.,  194.,  189.,  187.,  185.,  182.,
        178.,  176.,  172.,  169.,  168.,  165.,  164.,  159.,  156.,
        152.,  151.,  151.,  147.,  144.,  141.,  139.,  134.,  133.,
        130.,  130.,  123.,  122.,  120.,  118.,  118.,  111.,  107.,
        106.,  104.,  100.,   98.,   93.,   90.,   87.,   83.,   79.,
         75.,   72.,   72.,   70.,   63.,   60.,   56.,   51.,   46.,
         41.,   37.,   36.,   34.,   31.,   24.,   22.,   21.,   17.,
         10.,    8.], dtype=float32), array([   0., 4647., 5275., 5630., 5865., 6003., 6141., 6249., 6328.,
       6423., 6491., 6549., 6597., 6645., 6696., 6747., 6779., 6821.,
       6848., 6880., 6900., 6921., 6944., 6963., 6991., 7012., 7028.,
       7045., 7063., 7082., 7106., 7123., 7135., 7148., 7167., 7173.,
       7198., 7209., 7218., 7227., 7236., 7244., 7258., 7266., 7271.,
       7278., 7288., 7294., 7300., 7312., 7325., 7332., 7338., 7347.,
       7357., 7362., 7371., 7378., 7382., 7391., 7399., 7407., 7416.,
       7421., 7424., 7433., 7443., 7446., 7451., 7457., 7462., 7472.,
       7474., 7482., 7490., 7495., 7499., 7505., 7507., 7515., 7516.,
       7520., 7525., 7532., 7538., 7541., 7548., 7550., 7552., 7554.,
       7556., 7561., 7566., 7569., 7573., 7580., 7585., 7594., 7597.,
       7601., 7606., 7608., 7610., 7614., 7616., 7619., 7624., 7627.,
       7631., 7635., 7637., 7639., 7642., 7649., 7652., 7658., 7663.,
       7670., 7675., 7677., 7682., 7687., 7689., 7691., 7694., 7696.,
       7699., 7702., 7704., 7710., 7715., 7718., 7723., 7726., 7726.,
       7729., 7732., 7736., 7743., 7745., 7750., 7752., 7754., 7757.,
       7761., 7763., 7767., 7770., 7771., 7774., 7775., 7780., 7783.,
       7787., 7788., 7788., 7792., 7795., 7798., 7800., 7805., 7806.,
       7809., 7809., 7816., 7817., 7819., 7821., 7821., 7828., 7832.,
       7833., 7835., 7839., 7841., 7846., 7849., 7852., 7856., 7860.,
       7864., 7867., 7867., 7869., 7876., 7879., 7883., 7888., 7893.,
       7898., 7902., 7903., 7905., 7908., 7915., 7917., 7918., 7922.,
       7929., 7931.], dtype=float32), 0.9947797060012817]