[0.06234464794397354, 0.978105902671814, array([0.4225342 , 0.72904116, 0.775641  , 0.7970358 , 0.81570446,
       0.8311614 , 0.8412123 , 0.85143864, 0.85989624, 0.8672752 ,
       0.873662  , 0.87799335, 0.8829268 , 0.88588035, 0.89076924,
       0.89377797, 0.8962527 , 0.899285  , 0.9023706 , 0.9043451 ,
       0.90645564, 0.90870523, 0.91157   , 0.9137168 , 0.91497785,
       0.9170105 , 0.91815   , 0.920051  , 0.9204781 , 0.9225116 ,
       0.92384   , 0.9261874 , 0.9273779 , 0.9281119 , 0.92898554,
       0.9306004 , 0.9314914 , 0.9323734 , 0.9334305 , 0.9347932 ,
       0.93627053, 0.93700147, 0.9382233 , 0.9397256 , 0.94093585,
       0.9418414 , 0.9426041 , 0.9436689 , 0.94395137, 0.9448741 ,
       0.9462578 , 0.9470385 , 0.94766384, 0.9486035 , 0.9490488 ,
       0.949189  , 0.94981784, 0.95058864, 0.9512114 , 0.9515192 ,
       0.9524601 , 0.9530938 , 0.9535542 , 0.9548258 , 0.95561486,
       0.9560788 , 0.956391  , 0.9571692 , 0.9579494 , 0.95842415,
       0.95904666, 0.96016806, 0.96048427, 0.9611111 , 0.9617523 ,
       0.9625632 , 0.9636824 , 0.9643159 , 0.96463025, 0.96559906,
       0.9660902 , 0.9665705 , 0.966893  , 0.96771455, 0.96802723,
       0.9683458 , 0.9683404 , 0.9689949 , 0.9693251 , 0.96998125,
       0.9701365 , 0.97046775, 0.9707992 , 0.97096   , 0.97127223,
       0.9717611 , 0.9720699 , 0.9723984 , 0.9725652 , 0.9727039 ,
       0.97319585, 0.97319585, 0.97317284, 0.9733356 , 0.97366154,
       0.9736525 , 0.9738157 , 0.97397   , 0.97429705, 0.9744519 ,
       0.974607  , 0.97475797, 0.9749178 , 0.97525096, 0.97541124,
       0.97588897, 0.97672397, 0.9768856 , 0.97704744, 0.97704345,
       0.9773795 , 0.9778746 , 0.978204  , 0.9782002 , 0.9783406 ,
       0.97883874, 0.9793454 , 0.97934175, 0.9796812 , 0.97966695,
       0.98      , 0.9806746 , 0.9806678 , 0.98065084, 0.9806338 ,
       0.9809658 , 0.98112875, 0.98111206, 0.9812721 , 0.9812522 ,
       0.9815929 , 0.98174727, 0.98190206, 0.9818924 , 0.982584  ,
       0.9829212 , 0.9830931 , 0.9835978 , 0.98411   , 0.9844532 ,
       0.9847834 , 0.98530203, 0.98546565, 0.9858092 , 0.9861511 ,
       0.98613864, 0.9861236 , 0.98647183, 0.98663056, 0.9866233 ,
       0.9867921 , 0.9867682 , 0.9870909 , 0.98725885, 0.98742485,
       0.98831475, 0.9886551 , 0.9890009 , 0.9891743 , 0.98934805,
       0.9896983 , 0.9898617 , 0.98985237, 0.99020153, 0.99018335,
       0.99089897, 0.99125093, 0.99159664, 0.9915872 , 0.9915651 ,
       0.99172777, 0.9924585 , 0.99280983, 0.99353486, 0.99350774,
       0.9936757 , 0.99422187, 0.99439394, 0.9943591 , 0.99470586,
       0.99467456, 0.9952153 , 0.9957619 , 0.9961224 , 0.9964738 ,
       0.99661016, 0.9971916 , 0.9973274 , 0.9976695 , 0.99897486],
      dtype=float32), array([1.        , 1.        , 0.99982786, 0.99982786, 0.9996557 ,
       0.99913925, 0.99862283, 0.9984507 , 0.9984507 , 0.9977621 ,
       0.99758995, 0.99724567, 0.99707353, 0.99690133, 0.9967292 ,
       0.99655706, 0.9963849 , 0.99604064, 0.99604064, 0.99604064,
       0.9958685 , 0.99552417, 0.99552417, 0.995352  , 0.9948356 ,
       0.9948356 , 0.9944913 , 0.9944913 , 0.99431914, 0.99397486,
       0.99397486, 0.9936306 , 0.9936306 , 0.99345845, 0.9931141 ,
       0.9925977 , 0.99242556, 0.9920812 , 0.9920812 , 0.9920812 ,
       0.9913927 , 0.9908762 , 0.9908762 , 0.9903598 , 0.9900155 ,
       0.9896712 , 0.98949903, 0.98915476, 0.98863834, 0.98846614,
       0.98812187, 0.98812187, 0.98812187, 0.98812187, 0.98760545,
       0.9872612 , 0.9872612 , 0.98691684, 0.9867447 , 0.98657256,
       0.9864004 , 0.9864004 , 0.98605615, 0.98605615, 0.98588395,
       0.9855397 , 0.98536754, 0.9848511 , 0.98433465, 0.9841625 ,
       0.9836461 , 0.9834739 , 0.98330176, 0.98278534, 0.9826132 ,
       0.9826132 , 0.98209673, 0.9815803 , 0.98123604, 0.9808917 ,
       0.9808917 , 0.9805474 , 0.9803753 , 0.9803753 , 0.9798588 ,
       0.97951454, 0.9793424 , 0.97917026, 0.97917026, 0.9789981 ,
       0.9786538 , 0.9786538 , 0.9786538 , 0.97848165, 0.9777931 ,
       0.97744876, 0.9765881 , 0.97641593, 0.97641593, 0.97538304,
       0.9750387 , 0.9750387 , 0.974178  , 0.9740059 , 0.97366154,
       0.97331727, 0.9731451 , 0.97262865, 0.9722844 , 0.97176796,
       0.9712515 , 0.97056293, 0.9702186 , 0.97004646, 0.9697022 ,
       0.96849716, 0.96798074, 0.9676364 , 0.96729213, 0.96712   ,
       0.96694785, 0.96625924, 0.9657428 , 0.9655707 , 0.96419346,
       0.9635049 , 0.96316063, 0.9629885 , 0.9628163 , 0.96212775,
       0.9616113 , 0.9609227 , 0.96057844, 0.9597177 , 0.95885694,
       0.9581684 , 0.9576519 , 0.95679116, 0.9561026 , 0.9550697 ,
       0.95472544, 0.95369256, 0.95265967, 0.95214325, 0.9517989 ,
       0.95111036, 0.9509382 , 0.9497332 , 0.94887245, 0.948356  ,
       0.9469788 , 0.94629025, 0.9454295 , 0.9447409 , 0.9438802 ,
       0.94301945, 0.94198656, 0.94147015, 0.940093  , 0.9395765 ,
       0.93888795, 0.93716645, 0.93458426, 0.9337235 , 0.9326907 ,
       0.9318299 , 0.9301084 , 0.92873126, 0.9280427 , 0.9273541 ,
       0.9261491 , 0.9244276 , 0.9235669 , 0.9220176 , 0.9202961 ,
       0.9184025 , 0.916681  , 0.9140988 , 0.9130659 , 0.91065586,
       0.90807366, 0.9061801 , 0.90325356, 0.89946634, 0.8956791 ,
       0.89258045, 0.8886211 , 0.8855225 , 0.88001376, 0.8733001 ,
       0.86813563, 0.85935616, 0.8493717 , 0.84024787, 0.8269926 ,
       0.8097779 , 0.79462904, 0.7708728 , 0.7369599 , 0.6710277 ],
      dtype=float32), 0.995919942855835, array([7.939e+03, 2.159e+03, 1.680e+03, 1.479e+03, 1.312e+03, 1.179e+03,
       1.095e+03, 1.012e+03, 9.450e+02, 8.870e+02, 8.380e+02, 8.050e+02,
       7.680e+02, 7.460e+02, 7.100e+02, 6.880e+02, 6.700e+02, 6.480e+02,
       6.260e+02, 6.120e+02, 5.970e+02, 5.810e+02, 5.610e+02, 5.460e+02,
       5.370e+02, 5.230e+02, 5.150e+02, 5.020e+02, 4.990e+02, 4.850e+02,
       4.760e+02, 4.600e+02, 4.520e+02, 4.470e+02, 4.410e+02, 4.300e+02,
       4.240e+02, 4.180e+02, 4.110e+02, 4.020e+02, 3.920e+02, 3.870e+02,
       3.790e+02, 3.690e+02, 3.610e+02, 3.550e+02, 3.500e+02, 3.430e+02,
       3.410e+02, 3.350e+02, 3.260e+02, 3.210e+02, 3.170e+02, 3.110e+02,
       3.080e+02, 3.070e+02, 3.030e+02, 2.980e+02, 2.940e+02, 2.920e+02,
       2.860e+02, 2.820e+02, 2.790e+02, 2.710e+02, 2.660e+02, 2.630e+02,
       2.610e+02, 2.560e+02, 2.510e+02, 2.480e+02, 2.440e+02, 2.370e+02,
       2.350e+02, 2.310e+02, 2.270e+02, 2.220e+02, 2.150e+02, 2.110e+02,
       2.090e+02, 2.030e+02, 2.000e+02, 1.970e+02, 1.950e+02, 1.900e+02,
       1.880e+02, 1.860e+02, 1.860e+02, 1.820e+02, 1.800e+02, 1.760e+02,
       1.750e+02, 1.730e+02, 1.710e+02, 1.700e+02, 1.680e+02, 1.650e+02,
       1.630e+02, 1.610e+02, 1.600e+02, 1.590e+02, 1.560e+02, 1.560e+02,
       1.560e+02, 1.550e+02, 1.530e+02, 1.530e+02, 1.520e+02, 1.510e+02,
       1.490e+02, 1.480e+02, 1.470e+02, 1.460e+02, 1.450e+02, 1.430e+02,
       1.420e+02, 1.390e+02, 1.340e+02, 1.330e+02, 1.320e+02, 1.320e+02,
       1.300e+02, 1.270e+02, 1.250e+02, 1.250e+02, 1.240e+02, 1.210e+02,
       1.180e+02, 1.180e+02, 1.160e+02, 1.160e+02, 1.140e+02, 1.100e+02,
       1.100e+02, 1.100e+02, 1.100e+02, 1.080e+02, 1.070e+02, 1.070e+02,
       1.060e+02, 1.060e+02, 1.040e+02, 1.030e+02, 1.020e+02, 1.020e+02,
       9.800e+01, 9.600e+01, 9.500e+01, 9.200e+01, 8.900e+01, 8.700e+01,
       8.500e+01, 8.200e+01, 8.100e+01, 7.900e+01, 7.700e+01, 7.700e+01,
       7.700e+01, 7.500e+01, 7.400e+01, 7.400e+01, 7.300e+01, 7.300e+01,
       7.100e+01, 7.000e+01, 6.900e+01, 6.400e+01, 6.200e+01, 6.000e+01,
       5.900e+01, 5.800e+01, 5.600e+01, 5.500e+01, 5.500e+01, 5.300e+01,
       5.300e+01, 4.900e+01, 4.700e+01, 4.500e+01, 4.500e+01, 4.500e+01,
       4.400e+01, 4.000e+01, 3.800e+01, 3.400e+01, 3.400e+01, 3.300e+01,
       3.000e+01, 2.900e+01, 2.900e+01, 2.700e+01, 2.700e+01, 2.400e+01,
       2.100e+01, 1.900e+01, 1.700e+01, 1.600e+01, 1.300e+01, 1.200e+01,
       1.000e+01, 4.000e+00], dtype=float32), array([   0., 5780., 6259., 6460., 6627., 6760., 6844., 6927., 6994.,
       7052., 7101., 7134., 7171., 7193., 7229., 7251., 7269., 7291.,
       7313., 7327., 7342., 7358., 7378., 7393., 7402., 7416., 7424.,
       7437., 7440., 7454., 7463., 7479., 7487., 7492., 7498., 7509.,
       7515., 7521., 7528., 7537., 7547., 7552., 7560., 7570., 7578.,
       7584., 7589., 7596., 7598., 7604., 7613., 7618., 7622., 7628.,
       7631., 7632., 7636., 7641., 7645., 7647., 7653., 7657., 7660.,
       7668., 7673., 7676., 7678., 7683., 7688., 7691., 7695., 7702.,
       7704., 7708., 7712., 7717., 7724., 7728., 7730., 7736., 7739.,
       7742., 7744., 7749., 7751., 7753., 7753., 7757., 7759., 7763.,
       7764., 7766., 7768., 7769., 7771., 7774., 7776., 7778., 7779.,
       7780., 7783., 7783., 7783., 7784., 7786., 7786., 7787., 7788.,
       7790., 7791., 7792., 7793., 7794., 7796., 7797., 7800., 7805.,
       7806., 7807., 7807., 7809., 7812., 7814., 7814., 7815., 7818.,
       7821., 7821., 7823., 7823., 7825., 7829., 7829., 7829., 7829.,
       7831., 7832., 7832., 7833., 7833., 7835., 7836., 7837., 7837.,
       7841., 7843., 7844., 7847., 7850., 7852., 7854., 7857., 7858.,
       7860., 7862., 7862., 7862., 7864., 7865., 7865., 7866., 7866.,
       7868., 7869., 7870., 7875., 7877., 7879., 7880., 7881., 7883.,
       7884., 7884., 7886., 7886., 7890., 7892., 7894., 7894., 7894.,
       7895., 7899., 7901., 7905., 7905., 7906., 7909., 7910., 7910.,
       7912., 7912., 7915., 7918., 7920., 7922., 7923., 7926., 7927.,
       7929., 7935.], dtype=float32), 0.9973660111427307]