[0.044808607548475266, 0.9835612177848816, array([0.4225342 , 0.79772043, 0.83967036, 0.86231995, 0.876851  ,
       0.8879706 , 0.8967383 , 0.9028643 , 0.9080946 , 0.91222274,
       0.91653496, 0.9207307 , 0.92409503, 0.92660695, 0.92924756,
       0.9319279 , 0.9335805 , 0.9355308 , 0.9365901 , 0.9377936 ,
       0.93901056, 0.94037366, 0.9414444 , 0.94297814, 0.9446621 ,
       0.9452793 , 0.9466536 , 0.9472563 , 0.9477135 , 0.94830984,
       0.94924444, 0.94985205, 0.95079   , 0.9514163 , 0.9523417 ,
       0.95312756, 0.9537496 , 0.9540648 , 0.9553128 , 0.95593107,
       0.9564064 , 0.95656496, 0.95735854, 0.95829874, 0.95876974,
       0.9590818 , 0.95956063, 0.9597204 , 0.9598601 , 0.96033335,
       0.960647  , 0.960961  , 0.9612817 , 0.961577  , 0.96173126,
       0.9618793 , 0.96219474, 0.96267784, 0.9636455 , 0.96444744,
       0.964927  , 0.9652393 , 0.9655578 , 0.9660333 , 0.9660333 ,
       0.96619576, 0.9666779 , 0.9668239 , 0.9673126 , 0.9676386 ,
       0.9681228 , 0.9682861 , 0.96876055, 0.9690826 , 0.9694102 ,
       0.969405  , 0.96988666, 0.9702099 , 0.97070277, 0.97119135,
       0.9715158 , 0.9718453 , 0.9718453 , 0.9720102 , 0.97216564,
       0.9723213 , 0.9724817 , 0.972973  , 0.9731293 , 0.9732902 ,
       0.9736215 , 0.97428477, 0.97478276, 0.97511506, 0.97527707,
       0.9757762 , 0.9757762 , 0.9762677 , 0.9764304 , 0.976931  ,
       0.97726107, 0.9774243 , 0.9775877 , 0.9779223 , 0.9780822 ,
       0.9782497 , 0.9787453 , 0.9792417 , 0.97923815, 0.97940624,
       0.97940266, 0.97939205, 0.9795603 , 0.9797181 , 0.97988653,
       0.9803854 , 0.980382  , 0.98055077, 0.9805474 , 0.98071295,
       0.9810508 , 0.9812166 , 0.9813857 , 0.9813761 , 0.98171467,
       0.9818809 , 0.9820473 , 0.9820442 , 0.9822107 , 0.9827199 ,
       0.9827169 , 0.9828868 , 0.9828779 , 0.983045  , 0.98355263,
       0.9835469 , 0.98388493, 0.9842178 , 0.98420686, 0.984375  ,
       0.9843696 , 0.9845406 , 0.98470366, 0.98470366, 0.984701  ,
       0.984701  , 0.984701  , 0.9850331 , 0.98537093, 0.98536074,
       0.98587126, 0.9862105 , 0.9862081 , 0.9861985 , 0.98636365,
       0.9865361 , 0.9865361 , 0.98669934, 0.9868606 , 0.98685825,
       0.9873729 , 0.9878905 , 0.98788196, 0.98787344, 0.9878628 ,
       0.9878564 , 0.9880261 , 0.9880134 , 0.9883577 , 0.9888712 ,
       0.98903817, 0.9892016 , 0.98954827, 0.9897145 , 0.98987925,
       0.9902118 , 0.9903726 , 0.9907209 , 0.99106663, 0.9912359 ,
       0.9917548 , 0.9921062 , 0.9926219 , 0.99296284, 0.9931296 ,
       0.99347353, 0.9941797 , 0.99435025, 0.9947042 , 0.9950513 ,
       0.9954002 , 0.9959387 , 0.9961075 , 0.9966468 , 0.9969857 ,
       0.9975224 , 0.9976717 , 0.99821144, 0.9991674 , 0.99931693],
      dtype=float32), array([1.        , 1.        , 0.99982786, 0.9994836 , 0.9989671 ,
       0.998795  , 0.99862283, 0.9984507 , 0.9984507 , 0.99827856,
       0.99810636, 0.9977621 , 0.99758995, 0.99758995, 0.99707353,
       0.99690133, 0.99690133, 0.9967292 , 0.9967292 , 0.99655706,
       0.99655706, 0.9963849 , 0.9963849 , 0.9963849 , 0.9962128 ,
       0.9962128 , 0.9958685 , 0.99552417, 0.995352  , 0.9948356 ,
       0.9948356 , 0.9944913 , 0.9944913 , 0.9944913 , 0.994147  ,
       0.994147  , 0.99397486, 0.99397486, 0.9936306 , 0.99328625,
       0.99328625, 0.99328625, 0.99328625, 0.992942  , 0.99276984,
       0.9925977 , 0.9925977 , 0.9925977 , 0.9920812 , 0.9919091 ,
       0.99173695, 0.9915648 , 0.9915648 , 0.9908762 , 0.99070406,
       0.9903598 , 0.99018764, 0.99018764, 0.99018764, 0.9900155 ,
       0.98984337, 0.98949903, 0.9893269 , 0.9889826 , 0.9889826 ,
       0.9889826 , 0.9888105 , 0.988294  , 0.988294  , 0.988294  ,
       0.98812187, 0.98812187, 0.98760545, 0.9874333 , 0.9874333 ,
       0.9872612 , 0.98691684, 0.9867447 , 0.9867447 , 0.98657256,
       0.9864004 , 0.9864004 , 0.9864004 , 0.9864004 , 0.98605615,
       0.9857118 , 0.9855397 , 0.98536754, 0.98502326, 0.9848511 ,
       0.9848511 , 0.9848511 , 0.9848511 , 0.9848511 , 0.9846789 ,
       0.9846789 , 0.9846789 , 0.98433465, 0.9841625 , 0.9841625 ,
       0.9839904 , 0.98381823, 0.9836461 , 0.9836461 , 0.98330176,
       0.98330176, 0.9829575 , 0.9826132 , 0.98244107, 0.98244107,
       0.98226887, 0.98175246, 0.98175246, 0.98123604, 0.98123604,
       0.9808917 , 0.98071957, 0.98071957, 0.9805474 , 0.9803753 ,
       0.9803753 , 0.98020315, 0.98020315, 0.9796867 , 0.9796867 ,
       0.97951454, 0.9793424 , 0.97917026, 0.9789981 , 0.9789981 ,
       0.978826  , 0.978826  , 0.9783095 , 0.9781374 , 0.97796524,
       0.97762096, 0.97744876, 0.97693235, 0.97624373, 0.9760716 ,
       0.9757273 , 0.9757273 , 0.9752109 , 0.9752109 , 0.9750387 ,
       0.9750387 , 0.9750387 , 0.97435015, 0.9740059 , 0.97331727,
       0.972973  , 0.97262865, 0.9724565 , 0.97176796, 0.9712515 ,
       0.9712515 , 0.9712515 , 0.97056293, 0.9697022 , 0.96953005,
       0.96918577, 0.9690136 , 0.968325  , 0.9676364 , 0.9667757 ,
       0.96625924, 0.96591496, 0.9648821 , 0.9645378 , 0.96367705,
       0.9629885 , 0.9619556 , 0.9616113 , 0.9607506 , 0.9597177 ,
       0.95782405, 0.95627475, 0.95575833, 0.9548976 , 0.95403683,
       0.9524875 , 0.95197105, 0.949561  , 0.94732314, 0.94560164,
       0.9433637 , 0.9409537 , 0.93923223, 0.9376829 , 0.93458426,
       0.93131346, 0.92873126, 0.9251162 , 0.9209847 , 0.9110002 ,
       0.90101564, 0.88517815, 0.86469275, 0.826304  , 0.75555176],
      dtype=float32), 0.9978265762329102, array([7.939e+03, 1.473e+03, 1.109e+03, 9.270e+02, 8.150e+02, 7.320e+02,
       6.680e+02, 6.240e+02, 5.870e+02, 5.580e+02, 5.280e+02, 4.990e+02,
       4.760e+02, 4.590e+02, 4.410e+02, 4.230e+02, 4.120e+02, 3.990e+02,
       3.920e+02, 3.840e+02, 3.760e+02, 3.670e+02, 3.600e+02, 3.500e+02,
       3.390e+02, 3.350e+02, 3.260e+02, 3.220e+02, 3.190e+02, 3.150e+02,
       3.090e+02, 3.050e+02, 2.990e+02, 2.950e+02, 2.890e+02, 2.840e+02,
       2.800e+02, 2.780e+02, 2.700e+02, 2.660e+02, 2.630e+02, 2.620e+02,
       2.570e+02, 2.510e+02, 2.480e+02, 2.460e+02, 2.430e+02, 2.420e+02,
       2.410e+02, 2.380e+02, 2.360e+02, 2.340e+02, 2.320e+02, 2.300e+02,
       2.290e+02, 2.280e+02, 2.260e+02, 2.230e+02, 2.170e+02, 2.120e+02,
       2.090e+02, 2.070e+02, 2.050e+02, 2.020e+02, 2.020e+02, 2.010e+02,
       1.980e+02, 1.970e+02, 1.940e+02, 1.920e+02, 1.890e+02, 1.880e+02,
       1.850e+02, 1.830e+02, 1.810e+02, 1.810e+02, 1.780e+02, 1.760e+02,
       1.730e+02, 1.700e+02, 1.680e+02, 1.660e+02, 1.660e+02, 1.650e+02,
       1.640e+02, 1.630e+02, 1.620e+02, 1.590e+02, 1.580e+02, 1.570e+02,
       1.550e+02, 1.510e+02, 1.480e+02, 1.460e+02, 1.450e+02, 1.420e+02,
       1.420e+02, 1.390e+02, 1.380e+02, 1.350e+02, 1.330e+02, 1.320e+02,
       1.310e+02, 1.290e+02, 1.280e+02, 1.270e+02, 1.240e+02, 1.210e+02,
       1.210e+02, 1.200e+02, 1.200e+02, 1.200e+02, 1.190e+02, 1.180e+02,
       1.170e+02, 1.140e+02, 1.140e+02, 1.130e+02, 1.130e+02, 1.120e+02,
       1.100e+02, 1.090e+02, 1.080e+02, 1.080e+02, 1.060e+02, 1.050e+02,
       1.040e+02, 1.040e+02, 1.030e+02, 1.000e+02, 1.000e+02, 9.900e+01,
       9.900e+01, 9.800e+01, 9.500e+01, 9.500e+01, 9.300e+01, 9.100e+01,
       9.100e+01, 9.000e+01, 9.000e+01, 8.900e+01, 8.800e+01, 8.800e+01,
       8.800e+01, 8.800e+01, 8.800e+01, 8.600e+01, 8.400e+01, 8.400e+01,
       8.100e+01, 7.900e+01, 7.900e+01, 7.900e+01, 7.800e+01, 7.700e+01,
       7.700e+01, 7.600e+01, 7.500e+01, 7.500e+01, 7.200e+01, 6.900e+01,
       6.900e+01, 6.900e+01, 6.900e+01, 6.900e+01, 6.800e+01, 6.800e+01,
       6.600e+01, 6.300e+01, 6.200e+01, 6.100e+01, 5.900e+01, 5.800e+01,
       5.700e+01, 5.500e+01, 5.400e+01, 5.200e+01, 5.000e+01, 4.900e+01,
       4.600e+01, 4.400e+01, 4.100e+01, 3.900e+01, 3.800e+01, 3.600e+01,
       3.200e+01, 3.100e+01, 2.900e+01, 2.700e+01, 2.500e+01, 2.200e+01,
       2.100e+01, 1.800e+01, 1.600e+01, 1.300e+01, 1.200e+01, 9.000e+00,
       4.000e+00, 3.000e+00], dtype=float32), array([   0., 6466., 6830., 7012., 7124., 7207., 7271., 7315., 7352.,
       7381., 7411., 7440., 7463., 7480., 7498., 7516., 7527., 7540.,
       7547., 7555., 7563., 7572., 7579., 7589., 7600., 7604., 7613.,
       7617., 7620., 7624., 7630., 7634., 7640., 7644., 7650., 7655.,
       7659., 7661., 7669., 7673., 7676., 7677., 7682., 7688., 7691.,
       7693., 7696., 7697., 7698., 7701., 7703., 7705., 7707., 7709.,
       7710., 7711., 7713., 7716., 7722., 7727., 7730., 7732., 7734.,
       7737., 7737., 7738., 7741., 7742., 7745., 7747., 7750., 7751.,
       7754., 7756., 7758., 7758., 7761., 7763., 7766., 7769., 7771.,
       7773., 7773., 7774., 7775., 7776., 7777., 7780., 7781., 7782.,
       7784., 7788., 7791., 7793., 7794., 7797., 7797., 7800., 7801.,
       7804., 7806., 7807., 7808., 7810., 7811., 7812., 7815., 7818.,
       7818., 7819., 7819., 7819., 7820., 7821., 7822., 7825., 7825.,
       7826., 7826., 7827., 7829., 7830., 7831., 7831., 7833., 7834.,
       7835., 7835., 7836., 7839., 7839., 7840., 7840., 7841., 7844.,
       7844., 7846., 7848., 7848., 7849., 7849., 7850., 7851., 7851.,
       7851., 7851., 7851., 7853., 7855., 7855., 7858., 7860., 7860.,
       7860., 7861., 7862., 7862., 7863., 7864., 7864., 7867., 7870.,
       7870., 7870., 7870., 7870., 7871., 7871., 7873., 7876., 7877.,
       7878., 7880., 7881., 7882., 7884., 7885., 7887., 7889., 7890.,
       7893., 7895., 7898., 7900., 7901., 7903., 7907., 7908., 7910.,
       7912., 7914., 7917., 7918., 7921., 7923., 7926., 7927., 7930.,
       7935., 7936.], dtype=float32), 0.9986364841461182]