[0.308580607175827, 0.8875472545623779, array([0.4225342 , 0.43720827, 0.45126888, 0.46348494, 0.47384387,
       0.48397112, 0.49514312, 0.5070547 , 0.51767355, 0.52794915,
       0.53817225, 0.5480963 , 0.55792147, 0.5690068 , 0.57759756,
       0.5869431 , 0.5949911 , 0.6025518 , 0.6099795 , 0.6171073 ,
       0.6241425 , 0.6313607 , 0.63798183, 0.64405227, 0.6510441 ,
       0.65786695, 0.66398007, 0.66877764, 0.6745869 , 0.6790274 ,
       0.68498033, 0.6894202 , 0.69419837, 0.70012593, 0.70598704,
       0.70995003, 0.71458066, 0.7187419 , 0.7233569 , 0.72661394,
       0.7314741 , 0.7363417 , 0.7394347 , 0.7427257 , 0.7452368 ,
       0.7488697 , 0.7517564 , 0.7554446 , 0.75829387, 0.76166457,
       0.764532  , 0.7677611 , 0.7701722 , 0.77468824, 0.7790278 ,
       0.78243834, 0.78556854, 0.78927314, 0.79242224, 0.79499704,
       0.7972933 , 0.7992238 , 0.8021599 , 0.80462027, 0.80734783,
       0.8099817 , 0.8132863 , 0.8157854 , 0.81686   , 0.81897354,
       0.82030886, 0.8224695 , 0.82631993, 0.8280063 , 0.8304168 ,
       0.83322674, 0.83574414, 0.8377986 , 0.83965015, 0.8414634 ,
       0.843653  , 0.8453084 , 0.8467357 , 0.8492404 , 0.85086995,
       0.8537398 , 0.8556839 , 0.85779196, 0.8609137 , 0.86246175,
       0.8642039 , 0.8660944 , 0.8684165 , 0.870229  , 0.871558  ,
       0.8734022 , 0.87528586, 0.8764363 , 0.87897635, 0.8807356 ,
       0.88301885, 0.88513637, 0.8877792 , 0.88830173, 0.8891531 ,
       0.89138854, 0.89344716, 0.89392245, 0.89492416, 0.89572746,
       0.8972564 , 0.89828897, 0.8991211 , 0.90048033, 0.90094614,
       0.9029183 , 0.9035036 , 0.90513676, 0.90644777, 0.90717554,
       0.9082367 , 0.9095305 , 0.91038406, 0.9108202 , 0.911408  ,
       0.9124405 , 0.9134154 , 0.91454965, 0.915874  , 0.9173077 ,
       0.9179056 , 0.91880155, 0.9193266 , 0.9204244 , 0.92264825,
       0.92364866, 0.92454547, 0.9250747 , 0.9267671 , 0.9274684 ,
       0.9283188 , 0.9294902 , 0.93001443, 0.9308084 , 0.9328579 ,
       0.93275434, 0.93423694, 0.9358031 , 0.9368583 , 0.9376785 ,
       0.937631  , 0.9384779 , 0.9386059 , 0.93797606, 0.93786246,
       0.93878126, 0.9400685 , 0.9406485 , 0.94140166, 0.94238806,
       0.9458637 , 0.9476456 , 0.947385  , 0.9475536 , 0.9496896 ,
       0.9499503 , 0.95055497, 0.9526749 , 0.95254713, 0.9516702 ,
       0.953227  , 0.95358336, 0.9536826 , 0.95484626, 0.9551282 ,
       0.95609355, 0.9558761 , 0.9572612 , 0.9575812 , 0.95755595,
       0.95831335, 0.959901  , 0.9616977 , 0.96531165, 0.9680912 ,
       0.969066  , 0.96878904, 0.9722589 , 0.9712684 , 0.9708084 ,
       0.9718875 , 0.9736611 , 0.97475725, 0.9777778 , 0.97869825,
       0.9803647 , 0.9848485 , 0.98888886, 0.9897959 , 0.9935484 ],
      dtype=float32), array([1.        , 0.9996557 , 0.9979342 , 0.9963849 , 0.9948356 ,
       0.99276984, 0.9915648 , 0.98984337, 0.988294  , 0.98691684,
       0.98536754, 0.98381823, 0.98330176, 0.98226887, 0.9808917 ,
       0.9796867 , 0.97744876, 0.9755552 , 0.97435015, 0.9724565 ,
       0.97107935, 0.9697022 , 0.9686693 , 0.96746427, 0.9660871 ,
       0.96522635, 0.96436566, 0.9635049 , 0.9628163 , 0.96143913,
       0.9593734 , 0.9579962 , 0.95782405, 0.95696336, 0.9561026 ,
       0.9543811 , 0.9533483 , 0.95197105, 0.95111036, 0.94938886,
       0.94818383, 0.94663453, 0.9457738 , 0.9447409 , 0.9426752 ,
       0.9409537 , 0.93940437, 0.9375108 , 0.9364779 , 0.9357893 ,
       0.93510073, 0.9338957 , 0.9316578 , 0.93045276, 0.92976415,
       0.9280427 , 0.9276984 , 0.92718196, 0.9252883 , 0.92459977,
       0.92287827, 0.92167324, 0.9206404 , 0.9173696 , 0.91547596,
       0.9135824 , 0.9125495 , 0.9110002 , 0.90910655, 0.90652436,
       0.90531933, 0.9035979 , 0.902565  , 0.9008435 , 0.8986056 ,
       0.8970563 , 0.8951627 , 0.89361334, 0.8924083 , 0.890859  ,
       0.8889654 , 0.8870718 , 0.8863832 , 0.88535035, 0.8839731 ,
       0.8822517 , 0.8798416 , 0.8774316 , 0.87588227, 0.8733001 ,
       0.86985713, 0.86847997, 0.8657256 , 0.8634877 , 0.86090547,
       0.8586676 , 0.85660183, 0.85350317, 0.85143745, 0.84919953,
       0.8459287 , 0.8436908 , 0.84162503, 0.83921504, 0.836805  ,
       0.832157  , 0.82854193, 0.82544327, 0.8225168 , 0.819246  ,
       0.8163195 , 0.813393  , 0.81012225, 0.80685145, 0.80323637,
       0.7989327 , 0.79462904, 0.7917025 , 0.7889482 , 0.7856774 ,
       0.7820623 , 0.77707005, 0.77121705, 0.76656914, 0.76329833,
       0.7588225 , 0.7536581 , 0.7498709 , 0.74591154, 0.73902565,
       0.7333448 , 0.7285247 , 0.7238767 , 0.71681875, 0.71251506,
       0.7059735 , 0.70029265, 0.69289035, 0.6884145 , 0.6823894 ,
       0.6777414 , 0.6717163 , 0.6656912 , 0.66001034, 0.6529523 ,
       0.6470993 , 0.6407299 , 0.6348769 , 0.62833536, 0.6216216 ,
       0.6159408 , 0.60922706, 0.6026855 , 0.5935617 , 0.5846101 ,
       0.5754863 , 0.5670511 , 0.55930454, 0.5503529 , 0.54346704,
       0.53537613, 0.52659667, 0.51764506, 0.51007056, 0.50043035,
       0.49337235, 0.4864865 , 0.47822344, 0.4699604 , 0.4610088 ,
       0.4525736 , 0.44207266, 0.43243244, 0.42227578, 0.41039765,
       0.40110174, 0.38784644, 0.37786195, 0.36529523, 0.3534171 ,
       0.34429333, 0.3337924 , 0.3198485 , 0.3065932 , 0.2924772 ,
       0.28042692, 0.26717162, 0.2533999 , 0.23859528, 0.22327423,
       0.20829748, 0.19091065, 0.17283526, 0.15906352, 0.14236529,
       0.12033052, 0.1007058 , 0.07660527, 0.05009468, 0.02651059],
      dtype=float32), 0.920741856098175, array([7.939e+03, 7.475e+03, 7.049e+03, 6.700e+03, 6.417e+03, 6.149e+03,
       5.873e+03, 5.590e+03, 5.349e+03, 5.126e+03, 4.912e+03, 4.712e+03,
       4.526e+03, 4.322e+03, 4.167e+03, 4.005e+03, 3.865e+03, 3.738e+03,
       3.619e+03, 3.505e+03, 3.397e+03, 3.289e+03, 3.193e+03, 3.106e+03,
       3.008e+03, 2.916e+03, 2.835e+03, 2.772e+03, 2.698e+03, 2.640e+03,
       2.563e+03, 2.507e+03, 2.451e+03, 2.381e+03, 2.313e+03, 2.265e+03,
       2.212e+03, 2.164e+03, 2.113e+03, 2.075e+03, 2.022e+03, 1.969e+03,
       1.936e+03, 1.901e+03, 1.872e+03, 1.833e+03, 1.802e+03, 1.763e+03,
       1.734e+03, 1.701e+03, 1.673e+03, 1.641e+03, 1.615e+03, 1.572e+03,
       1.532e+03, 1.499e+03, 1.471e+03, 1.438e+03, 1.408e+03, 1.385e+03,
       1.363e+03, 1.345e+03, 1.319e+03, 1.294e+03, 1.269e+03, 1.245e+03,
       1.217e+03, 1.195e+03, 1.184e+03, 1.164e+03, 1.152e+03, 1.133e+03,
       1.102e+03, 1.087e+03, 1.066e+03, 1.043e+03, 1.022e+03, 1.005e+03,
       9.900e+02, 9.750e+02, 9.570e+02, 9.430e+02, 9.320e+02, 9.130e+02,
       9.000e+02, 8.780e+02, 8.620e+02, 8.450e+02, 8.220e+02, 8.090e+02,
       7.940e+02, 7.800e+02, 7.620e+02, 7.480e+02, 7.370e+02, 7.230e+02,
       7.090e+02, 6.990e+02, 6.810e+02, 6.680e+02, 6.510e+02, 6.360e+02,
       6.180e+02, 6.130e+02, 6.060e+02, 5.890e+02, 5.740e+02, 5.690e+02,
       5.610e+02, 5.540e+02, 5.430e+02, 5.350e+02, 5.280e+02, 5.180e+02,
       5.130e+02, 4.990e+02, 4.930e+02, 4.820e+02, 4.730e+02, 4.670e+02,
       4.590e+02, 4.490e+02, 4.410e+02, 4.360e+02, 4.310e+02, 4.230e+02,
       4.150e+02, 4.070e+02, 3.980e+02, 3.870e+02, 3.810e+02, 3.740e+02,
       3.690e+02, 3.600e+02, 3.470e+02, 3.390e+02, 3.320e+02, 3.260e+02,
       3.160e+02, 3.100e+02, 3.040e+02, 2.960e+02, 2.910e+02, 2.850e+02,
       2.730e+02, 2.710e+02, 2.620e+02, 2.530e+02, 2.460e+02, 2.400e+02,
       2.380e+02, 2.320e+02, 2.290e+02, 2.280e+02, 2.250e+02, 2.180e+02,
       2.100e+02, 2.050e+02, 1.990e+02, 1.930e+02, 1.780e+02, 1.690e+02,
       1.670e+02, 1.640e+02, 1.540e+02, 1.510e+02, 1.470e+02, 1.380e+02,
       1.360e+02, 1.360e+02, 1.290e+02, 1.250e+02, 1.220e+02, 1.160e+02,
       1.120e+02, 1.070e+02, 1.040e+02, 9.800e+01, 9.400e+01, 9.100e+01,
       8.700e+01, 8.100e+01, 7.400e+01, 6.400e+01, 5.600e+01, 5.200e+01,
       5.000e+01, 4.200e+01, 4.100e+01, 3.900e+01, 3.500e+01, 3.000e+01,
       2.600e+01, 2.100e+01, 1.800e+01, 1.400e+01, 9.000e+00, 5.000e+00,
       3.000e+00, 1.000e+00], dtype=float32), array([   0.,  464.,  890., 1239., 1522., 1790., 2066., 2349., 2590.,
       2813., 3027., 3227., 3413., 3617., 3772., 3934., 4074., 4201.,
       4320., 4434., 4542., 4650., 4746., 4833., 4931., 5023., 5104.,
       5167., 5241., 5299., 5376., 5432., 5488., 5558., 5626., 5674.,
       5727., 5775., 5826., 5864., 5917., 5970., 6003., 6038., 6067.,
       6106., 6137., 6176., 6205., 6238., 6266., 6298., 6324., 6367.,
       6407., 6440., 6468., 6501., 6531., 6554., 6576., 6594., 6620.,
       6645., 6670., 6694., 6722., 6744., 6755., 6775., 6787., 6806.,
       6837., 6852., 6873., 6896., 6917., 6934., 6949., 6964., 6982.,
       6996., 7007., 7026., 7039., 7061., 7077., 7094., 7117., 7130.,
       7145., 7159., 7177., 7191., 7202., 7216., 7230., 7240., 7258.,
       7271., 7288., 7303., 7321., 7326., 7333., 7350., 7365., 7370.,
       7378., 7385., 7396., 7404., 7411., 7421., 7426., 7440., 7446.,
       7457., 7466., 7472., 7480., 7490., 7498., 7503., 7508., 7516.,
       7524., 7532., 7541., 7552., 7558., 7565., 7570., 7579., 7592.,
       7600., 7607., 7613., 7623., 7629., 7635., 7643., 7648., 7654.,
       7666., 7668., 7677., 7686., 7693., 7699., 7701., 7707., 7710.,
       7711., 7714., 7721., 7729., 7734., 7740., 7746., 7761., 7770.,
       7772., 7775., 7785., 7788., 7792., 7801., 7803., 7803., 7810.,
       7814., 7817., 7823., 7827., 7832., 7835., 7841., 7845., 7848.,
       7852., 7858., 7865., 7875., 7883., 7887., 7889., 7897., 7898.,
       7900., 7904., 7909., 7913., 7918., 7921., 7925., 7930., 7934.,
       7936., 7938.], dtype=float32), 0.9416053295135498]