[0.2987576723098755, 0.8634710311889648, array([0.4225342 , 0.5036446 , 0.56217843, 0.6084896 , 0.64453167,
       0.67504424, 0.70067525, 0.72034436, 0.7391248 , 0.755603  ,
       0.7691259 , 0.77900857, 0.790377  , 0.8014864 , 0.81172884,
       0.8198648 , 0.82578343, 0.83208394, 0.8374981 , 0.84278077,
       0.84896636, 0.85389763, 0.8582171 , 0.8630699 , 0.86816156,
       0.87363696, 0.8768982 , 0.8804755 , 0.88333607, 0.8865622 ,
       0.88962656, 0.8932932 , 0.89495796, 0.89837676, 0.9009514 ,
       0.9038264 , 0.9059491 , 0.9089181 , 0.9116829 , 0.9140461 ,
       0.91495705, 0.91726935, 0.9194321 , 0.92125   , 0.9226351 ,
       0.9233544 , 0.92530817, 0.9261353 , 0.9279692 , 0.92878175,
       0.93      , 0.9313744 , 0.9322129 , 0.9336457 , 0.9353318 ,
       0.9370497 , 0.93817973, 0.93984675, 0.9406226 , 0.9419031 ,
       0.9436784 , 0.9452028 , 0.94640756, 0.94806474, 0.9493545 ,
       0.95073795, 0.95154184, 0.95290804, 0.9539487 , 0.95572704,
       0.9567788 , 0.9583333 , 0.95940655, 0.9600497 , 0.960357  ,
       0.9611529 , 0.9617808 , 0.9618546 , 0.96272767, 0.9627818 ,
       0.9634537 , 0.96346444, 0.9637071 , 0.9643788 , 0.9644493 ,
       0.9644581 , 0.9651445 , 0.96541786, 0.96572447, 0.9659422 ,
       0.96649426, 0.967202  , 0.96767586, 0.9675206 , 0.96777904,
       0.96830904, 0.96858275, 0.9690214 , 0.9690673 , 0.9695745 ,
       0.97011   , 0.9704398 , 0.9707729 , 0.97135925, 0.9722155 ,
       0.97255576, 0.9731593 , 0.9729596 , 0.9733034 , 0.97367764,
       0.9742294 , 0.9742937 , 0.9741357 , 0.97399586, 0.9741    ,
       0.9747198 , 0.975046  , 0.9759387 , 0.9760829 , 0.97649574,
       0.9766066 , 0.9767064 , 0.9768329 , 0.97693574, 0.97680837,
       0.97751874, 0.9779391 , 0.97831595, 0.9781622 , 0.9780314 ,
       0.9781609 , 0.97799015, 0.9781659 , 0.9786112 , 0.97874224,
       0.97942144, 0.97984964, 0.97968465, 0.98042816, 0.9803319 ,
       0.98141265, 0.981892  , 0.9817265 , 0.98158145, 0.98177165,
       0.9831987 , 0.98305637, 0.98324573, 0.983107  , 0.98294884,
       0.98314226, 0.98299897, 0.9828767 , 0.98338526, 0.98391044,
       0.9836937 , 0.9835185 , 0.9840406 , 0.9845645 , 0.98477536,
       0.98495674, 0.9854906 , 0.98570323, 0.98630136, 0.98612213,
       0.9866451 , 0.9867769 , 0.9869638 , 0.98671806, 0.98695654,
       0.9867257 , 0.9868897 , 0.9870908 , 0.98688525, 0.98704416,
       0.9867906 , 0.98652697, 0.9862595 , 0.9863946 , 0.98713136,
       0.98793197, 0.9887577 , 0.9895833 , 0.99110323, 0.9920294 ,
       0.9930774 , 0.99283385, 0.9932478 , 0.9929478 , 0.99261445,
       0.9922541 , 0.9925435 , 0.9929578 , 0.99336493, 0.99385244,
       0.9943375 , 0.9935149 , 0.99523807, 0.9958071 , 0.996633  ],
      dtype=float32), array([1.        , 0.99913925, 0.99690133, 0.9944913 , 0.98915476,
       0.9848511 , 0.98244107, 0.97951454, 0.97693235, 0.9750387 ,
       0.9709072 , 0.96849716, 0.96712   , 0.9653985 , 0.96264416,
       0.96057844, 0.9571355 , 0.955414  , 0.95197105, 0.949561  ,
       0.94732314, 0.9447409 , 0.94301945, 0.9418144 , 0.93974864,
       0.93785506, 0.9344121 , 0.93079704, 0.9280427 , 0.92563266,
       0.9227061 , 0.9194354 , 0.916681  , 0.9146153 , 0.9128938 ,
       0.91082805, 0.9070408 , 0.90531933, 0.90273714, 0.90067136,
       0.8982613 , 0.8951627 , 0.8918919 , 0.8881047 , 0.8848339 ,
       0.8813909 , 0.8786366 , 0.87416077, 0.8715786 , 0.86882424,
       0.86452055, 0.8621105 , 0.85935616, 0.8574626 , 0.85401964,
       0.85074884, 0.84644514, 0.84455156, 0.8426579 , 0.84007573,
       0.83646065, 0.83439493, 0.8299191 , 0.82647616, 0.8228611 ,
       0.82062316, 0.81804097, 0.8151145 , 0.8130487 , 0.81012225,
       0.80788434, 0.8037528 , 0.80151486, 0.79841626, 0.7965226 ,
       0.792219  , 0.78843176, 0.7856774 , 0.78257877, 0.77930796,
       0.77603716, 0.7717335 , 0.7679463 , 0.7643312 , 0.76123255,
       0.7567568 , 0.7531417 , 0.74969876, 0.74694437, 0.7421243 ,
       0.7398864 , 0.7360992 , 0.7317955 , 0.7281804 , 0.7238767 ,
       0.72060597, 0.7164744 , 0.7107936 , 0.7064899 , 0.7021863 ,
       0.698399  , 0.69512826, 0.69185746, 0.688931  , 0.6866931 ,
       0.6832501 , 0.68032366, 0.6751592 , 0.67154413, 0.66861767,
       0.66379756, 0.65897745, 0.65484595, 0.6512309 , 0.6474436 ,
       0.6438286 , 0.63900846, 0.6353934 , 0.6322947 , 0.62936825,
       0.6252367 , 0.6207609 , 0.61697364, 0.61249787, 0.6090549 ,
       0.6063006 , 0.60285765, 0.59803754, 0.59373385, 0.59011877,
       0.58598727, 0.5813393 , 0.57841283, 0.5749699 , 0.5706662 ,
       0.5653297 , 0.56085384, 0.55620587, 0.55190223, 0.54914784,
       0.5453606 , 0.54140127, 0.536409  , 0.5321053 , 0.52849025,
       0.52384233, 0.5193665 , 0.515235  , 0.5109313 , 0.5061112 ,
       0.5019797 , 0.497676  , 0.49406093, 0.4890687 , 0.48424858,
       0.477707  , 0.4725426 , 0.46703392, 0.46118093, 0.45653296,
       0.45085213, 0.44431055, 0.43914616, 0.4338096 , 0.42812878,
       0.4196936 , 0.41108623, 0.40402824, 0.39645377, 0.39077294,
       0.38388708, 0.37579617, 0.368566  , 0.36271304, 0.3541057 ,
       0.34721982, 0.34033397, 0.33362025, 0.32449648, 0.316922  ,
       0.31003615, 0.302806  , 0.2943708 , 0.28765708, 0.2785333 ,
       0.27164745, 0.2623515 , 0.25322774, 0.24238251, 0.23136513,
       0.22051989, 0.20623171, 0.19418144, 0.18040971, 0.16698226,
       0.15114477, 0.13186435, 0.10793597, 0.08176967, 0.05095541],
      dtype=float32), 0.9618440866470337, array([7.939e+03, 5.720e+03, 4.510e+03, 3.717e+03, 3.169e+03, 2.754e+03,
       2.438e+03, 2.209e+03, 2.003e+03, 1.832e+03, 1.693e+03, 1.596e+03,
       1.490e+03, 1.389e+03, 1.297e+03, 1.226e+03, 1.173e+03, 1.120e+03,
       1.073e+03, 1.029e+03, 9.790e+02, 9.390e+02, 9.050e+02, 8.680e+02,
       8.290e+02, 7.880e+02, 7.620e+02, 7.340e+02, 7.120e+02, 6.880e+02,
       6.650e+02, 6.380e+02, 6.250e+02, 6.010e+02, 5.830e+02, 5.630e+02,
       5.470e+02, 5.270e+02, 5.080e+02, 4.920e+02, 4.850e+02, 4.690e+02,
       4.540e+02, 4.410e+02, 4.310e+02, 4.250e+02, 4.120e+02, 4.050e+02,
       3.930e+02, 3.870e+02, 3.780e+02, 3.690e+02, 3.630e+02, 3.540e+02,
       3.430e+02, 3.320e+02, 3.240e+02, 3.140e+02, 3.090e+02, 3.010e+02,
       2.900e+02, 2.810e+02, 2.730e+02, 2.630e+02, 2.550e+02, 2.470e+02,
       2.420e+02, 2.340e+02, 2.280e+02, 2.180e+02, 2.120e+02, 2.030e+02,
       1.970e+02, 1.930e+02, 1.910e+02, 1.860e+02, 1.820e+02, 1.810e+02,
       1.760e+02, 1.750e+02, 1.710e+02, 1.700e+02, 1.680e+02, 1.640e+02,
       1.630e+02, 1.620e+02, 1.580e+02, 1.560e+02, 1.540e+02, 1.520e+02,
       1.490e+02, 1.450e+02, 1.420e+02, 1.420e+02, 1.400e+02, 1.370e+02,
       1.350e+02, 1.320e+02, 1.310e+02, 1.280e+02, 1.250e+02, 1.230e+02,
       1.210e+02, 1.180e+02, 1.140e+02, 1.120e+02, 1.090e+02, 1.090e+02,
       1.070e+02, 1.050e+02, 1.020e+02, 1.010e+02, 1.010e+02, 1.010e+02,
       1.000e+02, 9.700e+01, 9.500e+01, 9.100e+01, 9.000e+01, 8.800e+01,
       8.700e+01, 8.600e+01, 8.500e+01, 8.400e+01, 8.400e+01, 8.100e+01,
       7.900e+01, 7.700e+01, 7.700e+01, 7.700e+01, 7.600e+01, 7.600e+01,
       7.500e+01, 7.300e+01, 7.200e+01, 6.900e+01, 6.700e+01, 6.700e+01,
       6.400e+01, 6.400e+01, 6.000e+01, 5.800e+01, 5.800e+01, 5.800e+01,
       5.700e+01, 5.200e+01, 5.200e+01, 5.100e+01, 5.100e+01, 5.100e+01,
       5.000e+01, 5.000e+01, 5.000e+01, 4.800e+01, 4.600e+01, 4.600e+01,
       4.600e+01, 4.400e+01, 4.200e+01, 4.100e+01, 4.000e+01, 3.800e+01,
       3.700e+01, 3.500e+01, 3.500e+01, 3.300e+01, 3.200e+01, 3.100e+01,
       3.100e+01, 3.000e+01, 3.000e+01, 2.900e+01, 2.800e+01, 2.800e+01,
       2.700e+01, 2.700e+01, 2.700e+01, 2.700e+01, 2.600e+01, 2.400e+01,
       2.200e+01, 2.000e+01, 1.800e+01, 1.500e+01, 1.300e+01, 1.100e+01,
       1.100e+01, 1.000e+01, 1.000e+01, 1.000e+01, 1.000e+01, 9.000e+00,
       8.000e+00, 7.000e+00, 6.000e+00, 5.000e+00, 5.000e+00, 3.000e+00,
       2.000e+00, 1.000e+00], dtype=float32), array([   0., 2219., 3429., 4222., 4770., 5185., 5501., 5730., 5936.,
       6107., 6246., 6343., 6449., 6550., 6642., 6713., 6766., 6819.,
       6866., 6910., 6960., 7000., 7034., 7071., 7110., 7151., 7177.,
       7205., 7227., 7251., 7274., 7301., 7314., 7338., 7356., 7376.,
       7392., 7412., 7431., 7447., 7454., 7470., 7485., 7498., 7508.,
       7514., 7527., 7534., 7546., 7552., 7561., 7570., 7576., 7585.,
       7596., 7607., 7615., 7625., 7630., 7638., 7649., 7658., 7666.,
       7676., 7684., 7692., 7697., 7705., 7711., 7721., 7727., 7736.,
       7742., 7746., 7748., 7753., 7757., 7758., 7763., 7764., 7768.,
       7769., 7771., 7775., 7776., 7777., 7781., 7783., 7785., 7787.,
       7790., 7794., 7797., 7797., 7799., 7802., 7804., 7807., 7808.,
       7811., 7814., 7816., 7818., 7821., 7825., 7827., 7830., 7830.,
       7832., 7834., 7837., 7838., 7838., 7838., 7839., 7842., 7844.,
       7848., 7849., 7851., 7852., 7853., 7854., 7855., 7855., 7858.,
       7860., 7862., 7862., 7862., 7863., 7863., 7864., 7866., 7867.,
       7870., 7872., 7872., 7875., 7875., 7879., 7881., 7881., 7881.,
       7882., 7887., 7887., 7888., 7888., 7888., 7889., 7889., 7889.,
       7891., 7893., 7893., 7893., 7895., 7897., 7898., 7899., 7901.,
       7902., 7904., 7904., 7906., 7907., 7908., 7908., 7909., 7909.,
       7910., 7911., 7911., 7912., 7912., 7912., 7912., 7913., 7915.,
       7917., 7919., 7921., 7924., 7926., 7928., 7928., 7929., 7929.,
       7929., 7929., 7930., 7931., 7932., 7933., 7934., 7934., 7936.,
       7937., 7938.], dtype=float32), 0.9717916250228882]