[0.26609790325164795, 0.9633401036262512, array([0.45956638, 0.95537215, 0.96448696, 0.967016  , 0.9684483 ,
       0.9690793 , 0.97020096, 0.97183096, 0.9726576 , 0.97365206,
       0.97414845, 0.9743007 , 0.9752805 , 0.97542995, 0.9757469 ,
       0.9762533 , 0.97675645, 0.9767278 , 0.9770642 , 0.9772085 ,
       0.97771883, 0.97804534, 0.9782185 , 0.9785537 , 0.97871965,
       0.97906315, 0.97922957, 0.9795628 , 0.9797297 , 0.9797189 ,
       0.9798789 , 0.980221  , 0.98074526, 0.98073834, 0.9807212 ,
       0.9807212 , 0.98088944, 0.98088264, 0.9812299 , 0.981402  ,
       0.9813987 , 0.9817466 , 0.9820853 , 0.9822453 , 0.9831239 ,
       0.983474  , 0.9836419 , 0.98380715, 0.9838013 , 0.9839755 ,
       0.984147  , 0.98414415, 0.9841413 , 0.9841384 , 0.9843159 ,
       0.9843102 , 0.9843102 , 0.98430735, 0.984296  , 0.9844597 ,
       0.9846321 , 0.98462373, 0.9846182 , 0.9846126 , 0.98479086,
       0.9847854 , 0.98478264, 0.98477435, 0.98512876, 0.98512876,
       0.9851261 , 0.98512065, 0.9852968 , 0.9852968 , 0.9852941 ,
       0.9852861 , 0.98528075, 0.9852754 , 0.98545456, 0.9854519 ,
       0.98544395, 0.9854413 , 0.9856128 , 0.98560756, 0.9859643 ,
       0.9859592 , 0.98595405, 0.98613137, 0.98630136, 0.98629135,
       0.98664224, 0.98663247, 0.98680353, 0.9871607 , 0.987156  ,
       0.9871536 , 0.9871536 , 0.98714656, 0.9873255 , 0.9873255 ,
       0.9875023 , 0.9874977 , 0.9874816 , 0.987477  , 0.9876543 ,
       0.9876498 , 0.98764294, 0.9876247 , 0.9876178 , 0.9877981 ,
       0.9879808 , 0.9881569 , 0.98815256, 0.98832685, 0.9885057 ,
       0.9885057 , 0.9884951 , 0.9884951 , 0.98867226, 0.98866594,
       0.9886533 , 0.9886491 , 0.9886469 , 0.989011  , 0.9893756 ,
       0.9897388 , 0.9899197 , 0.9899103 , 0.98990655, 0.9902731 ,
       0.99026215, 0.9902549 , 0.99025124, 0.9906103 , 0.99059796,
       0.99058205, 0.99075997, 0.99075645, 0.990739  , 0.99073195,
       0.9907197 , 0.990897  , 0.9908918 , 0.99088836, 0.99106467,
       0.99105614, 0.9910459 , 0.99140894, 0.9914007 , 0.9913892 ,
       0.9913727 , 0.99155146, 0.99172443, 0.9919044 , 0.99208647,
       0.99208033, 0.9920727 , 0.9920589 , 0.9924331 , 0.99241835,
       0.99240357, 0.9923917 , 0.99255484, 0.99685675, 0.996844  ,
       0.9970575 , 0.9970394 , 0.9970245 , 0.9970122 , 0.9970012 ,
       0.99698937, 0.99697816, 0.99696547, 0.9969541 , 0.9969383 ,
       0.9969245 , 0.9969062 , 0.99689144, 0.9968727 , 0.99685764,
       0.99684465, 0.9968231 , 0.99680823, 0.99678856, 0.99676615,
       0.9969955 , 0.9969705 , 0.9971838 , 0.99716204, 0.9973856 ,
       0.9973573 , 0.9975955 , 0.9975636 , 0.9980743 , 0.9980436 ,
       0.99828964, 0.99883753, 0.9991015 , 0.99907637, 0.99905545],
      dtype=float32), array([0.99982786, 0.9765881 , 0.9724565 , 0.9690136 , 0.96694785,
       0.9657428 , 0.9640213 , 0.96212775, 0.96143913, 0.96057844,
       0.96006197, 0.9593734 , 0.9576519 , 0.95679116, 0.95575833,
       0.955414  , 0.9548976 , 0.95369256, 0.9533483 , 0.95214325,
       0.9517989 , 0.9509382 , 0.9509382 , 0.95042175, 0.9500775 ,
       0.94990534, 0.949561  , 0.94887245, 0.9485282 , 0.9480117 ,
       0.94732314, 0.9469788 , 0.9469788 , 0.94663453, 0.9457738 ,
       0.9457738 , 0.9454295 , 0.9450852 , 0.9449131 , 0.9447409 ,
       0.94456875, 0.9443966 , 0.94370806, 0.9428473 , 0.9426752 ,
       0.94250304, 0.94198656, 0.941298  , 0.9409537 , 0.94078153,
       0.94043726, 0.9402651 , 0.940093  , 0.9399208 , 0.9399208 ,
       0.9395765 , 0.9395765 , 0.93940437, 0.9387158 , 0.93785506,
       0.9375108 , 0.9369943 , 0.93665004, 0.93630576, 0.93630576,
       0.9359614 , 0.9357893 , 0.9352729 , 0.93510073, 0.93510073,
       0.93492854, 0.93458426, 0.9344121 , 0.9344121 , 0.93424   ,
       0.9337235 , 0.93337923, 0.93303496, 0.93303496, 0.9328628 ,
       0.93234634, 0.9321742 , 0.9316578 , 0.93131346, 0.9311413 ,
       0.93079704, 0.93045276, 0.9302806 , 0.929592  , 0.9289034 ,
       0.92821485, 0.92752624, 0.9268377 , 0.92649335, 0.9261491 ,
       0.92597693, 0.92597693, 0.9254605 , 0.9252883 , 0.9252883 ,
       0.92494404, 0.92459977, 0.92339474, 0.92305046, 0.9227061 ,
       0.92236185, 0.92184544, 0.9204682 , 0.9199518 , 0.91977966,
       0.91977966, 0.9192632 , 0.9189189 , 0.91823035, 0.917886  ,
       0.917886  , 0.9170253 , 0.9170253 , 0.91650885, 0.91599244,
       0.91495955, 0.9146153 , 0.91444314, 0.9140988 , 0.9137545 ,
       0.9132381 , 0.9128938 , 0.9120331 , 0.91168875, 0.91134447,
       0.9103116 , 0.909623  , 0.9092787 , 0.90807366, 0.90686864,
       0.90531933, 0.9044586 , 0.9041143 , 0.90239286, 0.90170425,
       0.9004992 , 0.89946634, 0.8989499 , 0.8986056 , 0.89740056,
       0.89653987, 0.895507  , 0.8939577 , 0.8930969 , 0.8918919 ,
       0.89017045, 0.8889654 , 0.8870718 , 0.88586676, 0.8848339 ,
       0.8841453 , 0.88328457, 0.88173527, 0.88053024, 0.87880874,
       0.8770873 , 0.8757101 , 0.87209505, 0.7643312 , 0.76123255,
       0.7583061 , 0.7536581 , 0.7498709 , 0.7467722 , 0.7440179 ,
       0.74109143, 0.73833704, 0.73523843, 0.7324841 , 0.7286968 ,
       0.7254261 , 0.7211224 , 0.71767944, 0.7133758 , 0.70993286,
       0.7070064 , 0.7021863 , 0.6989155 , 0.6946118 , 0.6897917 ,
       0.68548805, 0.6798072 , 0.6705113 , 0.66534686, 0.65673953,
       0.6496815 , 0.6427957 , 0.6343605 , 0.62454814, 0.6147358 ,
       0.60285765, 0.5916681 , 0.5742813 , 0.5586159 , 0.5462214 ],
      dtype=float32), 0.987719714641571, array([6.83e+03, 2.65e+02, 2.08e+02, 1.92e+02, 1.83e+02, 1.79e+02,
       1.72e+02, 1.62e+02, 1.57e+02, 1.51e+02, 1.48e+02, 1.47e+02,
       1.41e+02, 1.40e+02, 1.38e+02, 1.35e+02, 1.32e+02, 1.32e+02,
       1.30e+02, 1.29e+02, 1.26e+02, 1.24e+02, 1.23e+02, 1.21e+02,
       1.20e+02, 1.18e+02, 1.17e+02, 1.15e+02, 1.14e+02, 1.14e+02,
       1.13e+02, 1.11e+02, 1.08e+02, 1.08e+02, 1.08e+02, 1.08e+02,
       1.07e+02, 1.07e+02, 1.05e+02, 1.04e+02, 1.04e+02, 1.02e+02,
       1.00e+02, 9.90e+01, 9.40e+01, 9.20e+01, 9.10e+01, 9.00e+01,
       9.00e+01, 8.90e+01, 8.80e+01, 8.80e+01, 8.80e+01, 8.80e+01,
       8.70e+01, 8.70e+01, 8.70e+01, 8.70e+01, 8.70e+01, 8.60e+01,
       8.50e+01, 8.50e+01, 8.50e+01, 8.50e+01, 8.40e+01, 8.40e+01,
       8.40e+01, 8.40e+01, 8.20e+01, 8.20e+01, 8.20e+01, 8.20e+01,
       8.10e+01, 8.10e+01, 8.10e+01, 8.10e+01, 8.10e+01, 8.10e+01,
       8.00e+01, 8.00e+01, 8.00e+01, 8.00e+01, 7.90e+01, 7.90e+01,
       7.70e+01, 7.70e+01, 7.70e+01, 7.60e+01, 7.50e+01, 7.50e+01,
       7.30e+01, 7.30e+01, 7.20e+01, 7.00e+01, 7.00e+01, 7.00e+01,
       7.00e+01, 7.00e+01, 6.90e+01, 6.90e+01, 6.80e+01, 6.80e+01,
       6.80e+01, 6.80e+01, 6.70e+01, 6.70e+01, 6.70e+01, 6.70e+01,
       6.70e+01, 6.60e+01, 6.50e+01, 6.40e+01, 6.40e+01, 6.30e+01,
       6.20e+01, 6.20e+01, 6.20e+01, 6.20e+01, 6.10e+01, 6.10e+01,
       6.10e+01, 6.10e+01, 6.10e+01, 5.90e+01, 5.70e+01, 5.50e+01,
       5.40e+01, 5.40e+01, 5.40e+01, 5.20e+01, 5.20e+01, 5.20e+01,
       5.20e+01, 5.00e+01, 5.00e+01, 5.00e+01, 4.90e+01, 4.90e+01,
       4.90e+01, 4.90e+01, 4.90e+01, 4.80e+01, 4.80e+01, 4.80e+01,
       4.70e+01, 4.70e+01, 4.70e+01, 4.50e+01, 4.50e+01, 4.50e+01,
       4.50e+01, 4.40e+01, 4.30e+01, 4.20e+01, 4.10e+01, 4.10e+01,
       4.10e+01, 4.10e+01, 3.90e+01, 3.90e+01, 3.90e+01, 3.90e+01,
       3.80e+01, 1.40e+01, 1.40e+01, 1.30e+01, 1.30e+01, 1.30e+01,
       1.30e+01, 1.30e+01, 1.30e+01, 1.30e+01, 1.30e+01, 1.30e+01,
       1.30e+01, 1.30e+01, 1.30e+01, 1.30e+01, 1.30e+01, 1.30e+01,
       1.30e+01, 1.30e+01, 1.30e+01, 1.30e+01, 1.30e+01, 1.20e+01,
       1.20e+01, 1.10e+01, 1.10e+01, 1.00e+01, 1.00e+01, 9.00e+00,
       9.00e+00, 7.00e+00, 7.00e+00, 6.00e+00, 4.00e+00, 3.00e+00,
       3.00e+00, 3.00e+00], dtype=float32), array([1109., 7674., 7731., 7747., 7756., 7760., 7767., 7777., 7782.,
       7788., 7791., 7792., 7798., 7799., 7801., 7804., 7807., 7807.,
       7809., 7810., 7813., 7815., 7816., 7818., 7819., 7821., 7822.,
       7824., 7825., 7825., 7826., 7828., 7831., 7831., 7831., 7831.,
       7832., 7832., 7834., 7835., 7835., 7837., 7839., 7840., 7845.,
       7847., 7848., 7849., 7849., 7850., 7851., 7851., 7851., 7851.,
       7852., 7852., 7852., 7852., 7852., 7853., 7854., 7854., 7854.,
       7854., 7855., 7855., 7855., 7855., 7857., 7857., 7857., 7857.,
       7858., 7858., 7858., 7858., 7858., 7858., 7859., 7859., 7859.,
       7859., 7860., 7860., 7862., 7862., 7862., 7863., 7864., 7864.,
       7866., 7866., 7867., 7869., 7869., 7869., 7869., 7869., 7870.,
       7870., 7871., 7871., 7871., 7871., 7872., 7872., 7872., 7872.,
       7872., 7873., 7874., 7875., 7875., 7876., 7877., 7877., 7877.,
       7877., 7878., 7878., 7878., 7878., 7878., 7880., 7882., 7884.,
       7885., 7885., 7885., 7887., 7887., 7887., 7887., 7889., 7889.,
       7889., 7890., 7890., 7890., 7890., 7890., 7891., 7891., 7891.,
       7892., 7892., 7892., 7894., 7894., 7894., 7894., 7895., 7896.,
       7897., 7898., 7898., 7898., 7898., 7900., 7900., 7900., 7900.,
       7901., 7925., 7925., 7926., 7926., 7926., 7926., 7926., 7926.,
       7926., 7926., 7926., 7926., 7926., 7926., 7926., 7926., 7926.,
       7926., 7926., 7926., 7926., 7926., 7927., 7927., 7928., 7928.,
       7929., 7929., 7930., 7930., 7932., 7932., 7933., 7935., 7936.,
       7936., 7936.], dtype=float32), 0.9860084652900696]