[0.4884549379348755, 0.9305353760719299, array([0.45567933, 0.74948347, 0.7601834 , 0.76590127, 0.76945513,
       0.7730421 , 0.7759358 , 0.77819496, 0.78070766, 0.7820461 ,
       0.78458416, 0.7862854 , 0.78842235, 0.7900327 , 0.79164964,
       0.7930563 , 0.7947945 , 0.7966218 , 0.7981563 , 0.7995865 ,
       0.8010218 , 0.801686  , 0.8025733 , 0.8040194 , 0.8050236 ,
       0.80636644, 0.80670285, 0.80748886, 0.80895275, 0.8103087 ,
       0.8112152 , 0.8115557 , 0.8123512 , 0.81303436, 0.81406116,
       0.81428975, 0.8147472 , 0.8155231 , 0.815982  , 0.8166714 ,
       0.8174771 , 0.81874645, 0.8195563 , 0.8202517 , 0.8211808 ,
       0.82211196, 0.8225784 , 0.8233958 , 0.8238636 , 0.82454145,
       0.824776  , 0.8257155 , 0.8268929 , 0.8279554 , 0.82842857,
       0.82925785, 0.8302076 , 0.8310162 , 0.83173144, 0.83208954,
       0.8331657 , 0.83364487, 0.8342446 , 0.8350857 , 0.83556706,
       0.83689374, 0.8376192 , 0.8381035 , 0.8384671 , 0.84014493,
       0.84075415, 0.8411201 , 0.8415856 , 0.8423194 , 0.8428094 ,
       0.8436681 , 0.8446517 , 0.845761  , 0.84625494, 0.8469969 ,
       0.84749234, 0.84836066, 0.8486091 , 0.8494797 , 0.85022736,
       0.85072654, 0.8513514 , 0.85160154, 0.85210234, 0.85260373,
       0.85348254, 0.85423726, 0.8548673 , 0.8560035 , 0.8565095 ,
       0.85714287, 0.8579041 , 0.85853946, 0.8593032 , 0.85994065,
       0.8601959 , 0.86121845, 0.86224335, 0.86288524, 0.86404294,
       0.86468744, 0.86533296, 0.8659794 , 0.8683146 , 0.8689655 ,
       0.8697479 , 0.87066245, 0.87118596, 0.87171   , 0.87262875,
       0.8732861 , 0.8747359 , 0.8755287 , 0.8763229 , 0.8769859 ,
       0.8777828 , 0.8781818 , 0.8789625 , 0.8796296 , 0.8806991 ,
       0.88123477, 0.8819053 , 0.8831149 , 0.8839231 , 0.8844628 ,
       0.8848679 , 0.88525593, 0.8860682 , 0.88715357, 0.8878333 ,
       0.8882416 , 0.888923  , 0.8893323 , 0.889742  , 0.89001536,
       0.8909734 , 0.89179623, 0.89303327, 0.89399785, 0.89468807,
       0.89551777, 0.8959332 , 0.8962104 , 0.89759874, 0.89773786,
       0.8985732 , 0.899131  , 0.8996739 , 0.900653  , 0.90093315,
       0.90188444, 0.9024466 , 0.90272796, 0.90343213, 0.90453124,
       0.90495545, 0.9059468 , 0.9064996 , 0.9071955 , 0.9074655 ,
       0.90802073, 0.90859115, 0.9095912 , 0.9103069 , 0.91086614,
       0.9115839 , 0.91230285, 0.9134555 , 0.91475564, 0.9154796 ,
       0.9161781 , 0.91689134, 0.9178974 , 0.91844195, 0.9187341 ,
       0.91946524, 0.9199045 , 0.9204654 , 0.9217752 , 0.9219099 ,
       0.9229047 , 0.92344654, 0.9237302 , 0.9250642 , 0.92608064,
       0.927261  , 0.92799616, 0.9296434 , 0.9311014 , 0.93224186,
       0.9329328 , 0.93453836, 0.9372344 , 0.94133115, 0.9465232 ],
      dtype=float32), array([1.        , 0.99913925, 0.99913925, 0.99913925, 0.99913925,
       0.99913925, 0.99913925, 0.9989671 , 0.9989671 , 0.998795  ,
       0.998795  , 0.998795  , 0.998795  , 0.998795  , 0.998795  ,
       0.998795  , 0.998795  , 0.99862283, 0.99862283, 0.99862283,
       0.99862283, 0.99862283, 0.99862283, 0.99862283, 0.99862283,
       0.99862283, 0.99862283, 0.99862283, 0.99862283, 0.99862283,
       0.99862283, 0.99862283, 0.99862283, 0.99862283, 0.99862283,
       0.99862283, 0.99862283, 0.9984507 , 0.9984507 , 0.9984507 ,
       0.9984507 , 0.9984507 , 0.9984507 , 0.9984507 , 0.9984507 ,
       0.9984507 , 0.9984507 , 0.9984507 , 0.9984507 , 0.99827856,
       0.99827856, 0.99827856, 0.99827856, 0.99827856, 0.99827856,
       0.99827856, 0.99827856, 0.99810636, 0.99810636, 0.99810636,
       0.99810636, 0.99810636, 0.99810636, 0.99810636, 0.99810636,
       0.99810636, 0.99810636, 0.99810636, 0.99810636, 0.9979342 ,
       0.9979342 , 0.9979342 , 0.9977621 , 0.9977621 , 0.9977621 ,
       0.9977621 , 0.9977621 , 0.9977621 , 0.9977621 , 0.9977621 ,
       0.9977621 , 0.9977621 , 0.9977621 , 0.9977621 , 0.9977621 ,
       0.9977621 , 0.9977621 , 0.9977621 , 0.9977621 , 0.9977621 ,
       0.9977621 , 0.9977621 , 0.9977621 , 0.9977621 , 0.9977621 ,
       0.9977621 , 0.9977621 , 0.9977621 , 0.9977621 , 0.9977621 ,
       0.9977621 , 0.9977621 , 0.9977621 , 0.9977621 , 0.9977621 ,
       0.9977621 , 0.9977621 , 0.9977621 , 0.9977621 , 0.9977621 ,
       0.9977621 , 0.9977621 , 0.9977621 , 0.9977621 , 0.9977621 ,
       0.9977621 , 0.9977621 , 0.9977621 , 0.9977621 , 0.9977621 ,
       0.9977621 , 0.9977621 , 0.99758995, 0.99758995, 0.99758995,
       0.99758995, 0.99758995, 0.99758995, 0.99758995, 0.99758995,
       0.99758995, 0.9974178 , 0.9974178 , 0.9974178 , 0.9974178 ,
       0.9974178 , 0.9974178 , 0.9974178 , 0.9974178 , 0.9974178 ,
       0.9974178 , 0.9974178 , 0.9974178 , 0.9974178 , 0.9974178 ,
       0.9974178 , 0.9974178 , 0.9974178 , 0.9974178 , 0.9974178 ,
       0.9974178 , 0.9974178 , 0.99724567, 0.99724567, 0.99724567,
       0.99690133, 0.99690133, 0.99690133, 0.99690133, 0.99655706,
       0.99655706, 0.99655706, 0.9963849 , 0.9962128 , 0.99604064,
       0.9958685 , 0.9958685 , 0.9958685 , 0.9958685 , 0.9956963 ,
       0.9956963 , 0.9956963 , 0.9956963 , 0.9956963 , 0.9956963 ,
       0.995352  , 0.9951799 , 0.99500775, 0.9944913 , 0.9944913 ,
       0.9944913 , 0.9944913 , 0.994147  , 0.99397486, 0.9938027 ,
       0.99328625, 0.9925977 , 0.99242556, 0.99242556, 0.9920812 ,
       0.9919091 , 0.99173695, 0.99173695, 0.9910484 , 0.9900155 ,
       0.9889826 , 0.9879497 , 0.987089  , 0.98605615, 0.9841625 ],
      dtype=float32), 0.9457327127456665, array([6939., 1940., 1831., 1774., 1739., 1704., 1676., 1654., 1630.,
       1617., 1593., 1577., 1557., 1542., 1527., 1514., 1498., 1481.,
       1467., 1454., 1441., 1435., 1427., 1414., 1405., 1393., 1390.,
       1383., 1370., 1358., 1350., 1347., 1340., 1334., 1325., 1323.,
       1319., 1312., 1308., 1302., 1295., 1284., 1277., 1271., 1263.,
       1255., 1251., 1244., 1240., 1234., 1232., 1224., 1214., 1205.,
       1201., 1194., 1186., 1179., 1173., 1170., 1161., 1157., 1152.,
       1145., 1141., 1130., 1124., 1120., 1117., 1103., 1098., 1095.,
       1091., 1085., 1081., 1074., 1066., 1057., 1053., 1047., 1043.,
       1036., 1034., 1027., 1021., 1017., 1012., 1010., 1006., 1002.,
        995.,  989.,  984.,  975.,  971.,  966.,  960.,  955.,  949.,
        944.,  942.,  934.,  926.,  921.,  912.,  907.,  902.,  897.,
        879.,  874.,  868.,  861.,  857.,  853.,  846.,  841.,  830.,
        824.,  818.,  813.,  807.,  804.,  798.,  793.,  785.,  781.,
        776.,  767.,  761.,  757.,  754.,  751.,  745.,  737.,  732.,
        729.,  724.,  721.,  718.,  716.,  709.,  703.,  694.,  687.,
        682.,  676.,  673.,  671.,  661.,  660.,  654.,  650.,  646.,
        639.,  637.,  630.,  626.,  624.,  619.,  611.,  608.,  601.,
        597.,  592.,  590.,  586.,  582.,  575.,  570.,  566.,  561.,
        556.,  548.,  539.,  534.,  529.,  524.,  517.,  513.,  511.,
        506.,  503.,  499.,  490.,  489.,  482.,  478.,  476.,  467.,
        460.,  452.,  447.,  436.,  426.,  418.,  413.,  402.,  384.,
        357.,  323.], dtype=float32), array([1000., 5999., 6108., 6165., 6200., 6235., 6263., 6285., 6309.,
       6322., 6346., 6362., 6382., 6397., 6412., 6425., 6441., 6458.,
       6472., 6485., 6498., 6504., 6512., 6525., 6534., 6546., 6549.,
       6556., 6569., 6581., 6589., 6592., 6599., 6605., 6614., 6616.,
       6620., 6627., 6631., 6637., 6644., 6655., 6662., 6668., 6676.,
       6684., 6688., 6695., 6699., 6705., 6707., 6715., 6725., 6734.,
       6738., 6745., 6753., 6760., 6766., 6769., 6778., 6782., 6787.,
       6794., 6798., 6809., 6815., 6819., 6822., 6836., 6841., 6844.,
       6848., 6854., 6858., 6865., 6873., 6882., 6886., 6892., 6896.,
       6903., 6905., 6912., 6918., 6922., 6927., 6929., 6933., 6937.,
       6944., 6950., 6955., 6964., 6968., 6973., 6979., 6984., 6990.,
       6995., 6997., 7005., 7013., 7018., 7027., 7032., 7037., 7042.,
       7060., 7065., 7071., 7078., 7082., 7086., 7093., 7098., 7109.,
       7115., 7121., 7126., 7132., 7135., 7141., 7146., 7154., 7158.,
       7163., 7172., 7178., 7182., 7185., 7188., 7194., 7202., 7207.,
       7210., 7215., 7218., 7221., 7223., 7230., 7236., 7245., 7252.,
       7257., 7263., 7266., 7268., 7278., 7279., 7285., 7289., 7293.,
       7300., 7302., 7309., 7313., 7315., 7320., 7328., 7331., 7338.,
       7342., 7347., 7349., 7353., 7357., 7364., 7369., 7373., 7378.,
       7383., 7391., 7400., 7405., 7410., 7415., 7422., 7426., 7428.,
       7433., 7436., 7440., 7449., 7450., 7457., 7461., 7463., 7472.,
       7479., 7487., 7492., 7503., 7513., 7521., 7526., 7537., 7555.,
       7582., 7616.], dtype=float32), 0.9784283638000488]